Date	WetSnow	DrySnow	BareGround
20140920	nan	nan	nan
20140921	nan	nan	nan
20140922	nan	nan	nan
20140923	nan	nan	nan
20140924	nan	nan	nan
20140925	nan	nan	nan
20140926	nan	nan	nan
20140927	nan	nan	nan
20140928	0.03296	0.2132	99.75
20140929	0.03294	0.213	99.75
20140930	0.0311	0.2073	99.76
20141001	0.02693	0.2061	99.77
20141002	0.02701	0.2067	99.77
20141003	0.01663	0.1713	99.81
20141004	18.83	0.1465	81.02
20141005	21.41	2.069	76.52
20141006	11.08	1.093	87.83
20141007	10.21	1.091	88.7
20141008	9.103	0.8457	90.05
20141009	8.665	0.8084	90.53
20141010	6.949	0.6323	92.42
20141011	6.552	0.5708	92.88
20141012	6.03	0.5079	93.46
20141013	6.029	0.5081	93.46
20141014	6.038	0.5088	93.45
20141015	5.872	0.4853	93.64
20141016	5.658	0.4851	93.86
20141017	17.34	6.773	75.88
20141018	17.28	6.542	76.18
20141019	16.67	6.286	77.05
20141020	16.07	6.072	77.86
20141021	16.14	6.13	77.74
20141022	14.98	5.603	79.41
20141023	15.53	5.89	78.58
20141024	15.44	5.871	78.69
20141025	15.45	5.877	78.67
20141026	15.45	5.933	78.62
20141027	15.57	5.96	78.47
20141028	14.84	5.55	79.61
20141029	14.74	5.405	79.85
20141030	14.6	5.399	80.0
20141031	13.33	18.37	68.31
20141101	13.26	18.45	68.28
20141102	13.02	19.3	67.67
20141103	15.71	24.04	60.25
20141104	15.59	23.95	60.47
20141105	15.53	23.64	60.83
20141106	15.53	23.64	60.83
20141107	42.41	16.16	41.43
20141108	42.43	16.16	41.41
20141109	43.68	16.11	40.21
20141110	49.46	14.43	36.11
20141111	50.99	13.89	35.12
20141112	51.24	13.74	35.03
20141113	51.45	13.79	34.75
20141114	56.96	11.75	31.29
20141115	57.65	11.49	30.86
20141116	nan	nan	nan
20141117	nan	nan	nan
20141118	nan	nan	nan
20141119	nan	nan	nan
20141120	nan	nan	nan
20141121	nan	nan	nan
20141122	nan	nan	nan
20141123	nan	nan	nan
20141124	nan	nan	nan
20141125	nan	nan	nan
20141126	nan	nan	nan
20141127	nan	nan	nan
20141128	nan	nan	nan
20141129	nan	nan	nan
20141130	nan	nan	nan
20141201	nan	nan	nan
20141202	nan	nan	nan
20141203	nan	nan	nan
20141204	nan	nan	nan
20141205	nan	nan	nan
20141206	nan	nan	nan
20141207	nan	nan	nan
20141208	nan	nan	nan
20141209	nan	nan	nan
20141210	nan	nan	nan
20141211	nan	nan	nan
20141212	nan	nan	nan
20141213	nan	nan	nan
20141214	nan	nan	nan
20141215	nan	nan	nan
20141216	nan	nan	nan
20141217	nan	nan	nan
20141218	nan	nan	nan
20141219	nan	nan	nan
20141220	nan	nan	nan
20141221	nan	nan	nan
20141222	nan	nan	nan
20141223	nan	nan	nan
20141224	nan	nan	nan
20141225	nan	nan	nan
20141226	nan	nan	nan
20141227	nan	nan	nan
20141228	nan	nan	nan
20141229	nan	nan	nan
20141230	nan	nan	nan
20141231	nan	nan	nan
20150101	nan	nan	nan
20150102	nan	nan	nan
20150103	nan	nan	nan
20150104	nan	nan	nan
20150105	nan	nan	nan
20150106	nan	nan	nan
20150107	nan	nan	nan
20150108	nan	nan	nan
20150109	nan	nan	nan
20150110	nan	nan	nan
20150111	nan	nan	nan
20150112	nan	nan	nan
20150113	nan	nan	nan
20150114	nan	nan	nan
20150115	nan	nan	nan
20150116	nan	nan	nan
20150117	nan	nan	nan
20150118	nan	nan	nan
20150119	nan	nan	nan
20150120	nan	nan	nan
20150121	nan	nan	nan
20150122	nan	nan	nan
20150123	nan	nan	nan
20150124	nan	nan	nan
20150125	nan	nan	nan
20150126	nan	nan	nan
20150127	nan	nan	nan
20150128	nan	nan	nan
20150129	nan	nan	nan
20150130	nan	nan	nan
20150131	nan	nan	nan
20150201	nan	nan	nan
20150202	nan	nan	nan
20150203	nan	nan	nan
20150204	nan	nan	nan
20150205	nan	nan	nan
20150206	nan	nan	nan
20150207	nan	nan	nan
20150208	nan	nan	nan
20150209	nan	nan	nan
20150210	nan	nan	nan
20150211	nan	nan	nan
20150212	nan	nan	nan
20150213	nan	nan	nan
20150214	nan	nan	nan
20150215	nan	nan	nan
20150216	nan	nan	nan
20150217	nan	nan	nan
20150218	nan	nan	nan
20150219	nan	nan	nan
20150220	nan	nan	nan
20150221	nan	nan	nan
20150222	nan	nan	nan
20150223	nan	nan	nan
20150224	nan	nan	nan
20150225	nan	nan	nan
20150226	nan	nan	nan
20150227	nan	nan	nan
20150228	nan	nan	nan
20150301	nan	nan	nan
20150302	nan	nan	nan
20150303	nan	nan	nan
20150304	nan	nan	nan
20150305	0.411	99.11	0.4776
20150306	0.4114	99.02	0.57
20150307	0.4114	99.02	0.57
20150308	0.4027	98.35	1.243
20150309	0.4029	98.35	1.247
20150310	2.305	96.51	1.182
20150311	2.31	96.34	1.353
20150312	1.737	97.11	1.157
20150313	1.747	97.13	1.122
20150314	7.772	90.94	1.288
20150315	7.621	90.04	2.341
20150316	7.697	88.89	3.409
20150317	7.697	88.89	3.409
20150318	7.697	88.89	3.409
20150319	11.38	86.31	2.306
20150320	11.35	86.27	2.377
20150321	12.99	84.96	2.051
20150322	14.37	83.65	1.973
20150323	14.37	83.65	1.973
20150324	10.09	88.45	1.459
20150325	10.09	88.45	1.459
20150326	5.161	94.3	0.5398
20150327	5.057	94.51	0.4328
20150328	5.049	94.45	0.4977
20150329	5.053	94.45	0.5013
20150330	5.069	94.43	0.4971
20150331	4.876	94.66	0.4615
20150401	4.85	94.68	0.466
20150402	4.56	94.98	0.4635
20150403	4.533	95.08	0.3864
20150404	3.958	95.69	0.3525
20150405	nan	nan	nan
20150406	nan	nan	nan
20150407	nan	nan	nan
20150408	nan	nan	nan
20150409	nan	nan	nan
20150410	nan	nan	nan
20150411	nan	nan	nan
20150412	nan	nan	nan
20150413	nan	nan	nan
20150414	nan	nan	nan
20150415	11.63	88.37	0.0
20150416	11.63	88.37	0.0
20150417	11.64	88.36	0.0
20150418	nan	nan	nan
20150419	nan	nan	nan
20150420	nan	nan	nan
20150421	nan	nan	nan
20150422	40.41	59.59	0.0
20150423	42.31	57.57	0.1268
20150424	24.8	75.12	0.08102
20150425	24.8	75.07	0.1284
20150426	15.01	84.95	0.03397
20150427	16.99	83.01	0.0
20150428	16.99	83.01	0.0
20150429	16.98	82.74	0.2805
20150430	16.98	82.64	0.3795
20150501	18.9	80.63	0.4696
20150502	18.88	80.54	0.5759
20150503	18.88	80.54	0.5759
20150504	18.15	81.25	0.5938
20150505	18.15	81.25	0.5938
20150506	52.45	46.96	0.5867
20150507	52.45	46.96	0.5867
20150508	71.0	28.43	0.5746
20150509	76.23	23.2	0.5656
20150510	76.01	21.3	2.686
20150511	76.05	21.21	2.747
20150512	76.17	21.09	2.741
20150513	70.23	26.87	2.899
20150514	70.33	26.77	2.903
20150515	70.97	26.1	2.937
20150516	60.75	34.09	5.161
20150517	60.68	33.71	5.616
20150518	52.59	40.66	6.746
20150519	52.59	40.67	6.746
20150520	55.36	37.95	6.69
20150521	60.08	33.31	6.608
20150522	60.09	33.3	6.607
20150523	59.96	32.9	7.144
20150524	59.94	32.72	7.338
20150525	59.88	32.45	7.663
20150526	59.45	30.8	9.755
20150527	59.56	30.63	9.808
20150528	59.6	30.61	9.792
20150529	61.04	27.96	10.99
20150530	60.82	27.16	12.02
20150531	61.6	26.22	12.18
20150601	55.94	28.54	15.52
20150602	58.15	26.74	15.12
20150603	56.59	24.77	18.63
20150604	56.12	23.38	20.5
20150605	56.0	22.28	21.72
20150606	46.09	27.17	26.74
20150607	46.09	27.13	26.78
20150608	45.37	26.2	28.43
20150609	50.84	21.13	28.03
20150610	50.78	21.07	28.15
20150611	49.47	20.58	29.95
20150612	50.46	18.78	30.76
20150613	50.22	18.22	31.55
20150614	51.81	16.66	31.53
20150615	50.3	15.99	33.7
20150616	50.02	15.91	34.07
20150617	52.45	12.62	34.93
20150618	47.38	14.34	38.28
20150619	47.13	12.82	40.04
20150620	44.75	11.85	43.4
20150621	44.71	11.84	43.45
20150622	42.84	10.15	47.01
20150623	42.99	9.604	47.4
20150624	42.84	9.334	47.83
20150625	42.14	9.435	48.42
20150626	41.84	8.992	49.17
20150627	40.54	8.683	50.78
20150628	39.76	8.38	51.86
20150629	37.3	6.344	56.36
20150630	28.6	14.52	56.88
20150701	24.86	13.32	61.82
20150702	24.82	13.3	61.88
20150703	29.03	11.56	59.41
20150704	28.47	11.51	60.02
20150705	28.41	11.48	60.11
20150706	28.31	11.5	60.19
20150707	28.66	11.18	60.16
20150708	29.23	10.85	59.91
20150709	28.07	10.38	61.55
20150710	24.46	10.06	65.48
20150711	24.27	8.844	66.88
20150712	20.62	7.786	71.6
20150713	13.92	6.893	79.19
20150714	12.04	6.617	81.35
20150715	19.46	5.378	75.16
20150716	19.44	5.374	75.18
20150717	19.88	5.354	74.77
20150718	18.11	5.279	76.62
20150719	17.33	5.394	77.28
20150720	18.3	5.267	76.43
20150721	17.43	4.342	78.23
20150722	14.21	4.617	81.17
20150723	12.78	3.968	83.26
20150724	15.6	4.592	79.81
20150725	15.59	4.478	79.93
20150726	14.91	4.276	80.82
20150727	16.06	4.158	79.78
20150728	11.93	3.507	84.56
20150729	13.17	2.952	83.88
20150730	13.14	2.812	84.04
20150731	12.73	2.825	84.44
20150801	13.63	2.819	83.55
20150802	nan	nan	nan
20150803	nan	nan	nan
20150804	nan	nan	nan
20150805	nan	nan	nan
20150806	nan	nan	nan
20150807	7.009	0.7345	92.26
20150808	nan	nan	nan
20150809	nan	nan	nan
20150810	6.49	0.3566	93.15
20150811	6.49	0.3566	93.15
20150812	7.034	0.5823	92.38
20150813	8.437	0.9919	90.57
20150814	8.37	0.991	90.64
20150815	3.104	1.171	95.72
20150816	1.132	0.776	98.09
20150817	1.613	0.6599	97.73
20150818	0.58	0.528	98.89
20150819	0.3257	0.4372	99.24
20150820	2.185	0.3865	97.43
20150821	0.3554	0.2298	99.41
20150822	0.184	0.1921	99.62
20150823	0.1826	0.192	99.63
20150824	0.5407	0.2862	99.17
20150825	1.577	0.3076	98.11
20150826	0.9673	0.1497	98.88
20150827	1.451	0.2039	98.35
20150828	1.445	0.204	98.35
20150829	2.727	0.2591	97.01
20150830	2.53	0.2592	97.21
20150831	2.281	0.2312	97.49
20150901	4.531	0.202	95.27
20150902	4.251	0.2075	95.54
20150903	4.256	0.1986	95.55
20150904	4.434	0.1873	95.38
20150905	6.739	0.199	93.06
20150906	nan	nan	nan
20150907	nan	nan	nan
20150908	nan	nan	nan
20150909	nan	nan	nan
20150910	1.662	0.684	97.65
20150911	0.4648	0.4375	99.1
20150912	0.2522	0.3015	99.45
20150913	1.615	0.4486	97.94
20150914	0.4275	0.3198	99.25
20150915	0.394	0.267	99.34
20150916	0.279	0.2343	99.49
20150917	1.174	0.3045	98.52
20150918	2.381	1.028	96.59
20150919	2.334	1.026	96.64
20150920	2.662	1.022	96.32
20150921	1.52	0.6743	97.81
20150922	1.362	0.6023	98.04
20150923	3.174	0.6511	96.18
20150924	1.852	0.1917	97.96
20150925	3.619	0.1687	96.21
20150926	3.637	0.1695	96.19
20150927	5.252	0.2614	94.49
20150928	4.67	0.2611	95.07
20150929	4.016	0.2773	95.71
20150930	6.282	7.441	86.28
20151001	6.168	7.336	86.5
20151002	8.054	7.893	84.05
20151003	7.941	7.441	84.62
20151004	9.644	17.36	73.0
20151005	8.047	62.44	29.51
20151006	8.039	61.29	30.67
20151007	7.872	58.54	33.59
20151008	7.712	55.15	37.14
20151009	7.612	52.62	39.77
20151010	7.403	49.77	42.82
20151011	7.69	60.87	31.44
20151012	14.55	60.62	24.83
20151013	14.54	60.26	25.2
20151014	15.15	59.96	24.89
20151015	15.1	59.34	25.56
20151016	17.79	57.46	24.76
20151017	21.53	49.75	28.72
20151018	21.17	46.76	32.06
20151019	19.69	37.48	42.84
20151020	19.94	37.24	42.82
20151021	22.27	33.7	44.03
20151022	nan	nan	nan
20151023	nan	nan	nan
20151024	nan	nan	nan
20151025	nan	nan	nan
20151026	nan	nan	nan
20151027	nan	nan	nan
20151028	nan	nan	nan
20151029	10.62	60.35	29.03
20151030	10.26	56.4	33.35
20151031	11.81	60.13	28.06
20151101	11.81	60.14	28.05
20151102	11.75	58.84	29.42
20151103	11.45	56.34	32.21
20151104	23.89	47.12	29.0
20151105	24.01	58.56	17.43
20151106	24.01	58.57	17.43
20151107	24.15	58.88	16.97
20151108	24.43	58.51	17.06
20151109	24.92	58.23	16.85
20151110	nan	nan	nan
20151111	nan	nan	nan
20151112	nan	nan	nan
20151113	nan	nan	nan
20151114	nan	nan	nan
20151115	nan	nan	nan
20151116	nan	nan	nan
20151117	nan	nan	nan
20151118	nan	nan	nan
20151119	nan	nan	nan
20151120	nan	nan	nan
20151121	nan	nan	nan
20151122	nan	nan	nan
20151123	nan	nan	nan
20151124	nan	nan	nan
20151125	nan	nan	nan
20151126	nan	nan	nan
20151127	nan	nan	nan
20151128	nan	nan	nan
20151129	nan	nan	nan
20151130	nan	nan	nan
20151201	nan	nan	nan
20151202	nan	nan	nan
20151203	nan	nan	nan
20151204	nan	nan	nan
20151205	nan	nan	nan
20151206	nan	nan	nan
20151207	nan	nan	nan
20151208	nan	nan	nan
20151209	nan	nan	nan
20151210	nan	nan	nan
20151211	nan	nan	nan
20151212	nan	nan	nan
20151213	nan	nan	nan
20151214	nan	nan	nan
20151215	nan	nan	nan
20151216	nan	nan	nan
20151217	nan	nan	nan
20151218	nan	nan	nan
20151219	nan	nan	nan
20151220	nan	nan	nan
20151221	nan	nan	nan
20151222	nan	nan	nan
20151223	nan	nan	nan
20151224	nan	nan	nan
20151225	nan	nan	nan
20151226	nan	nan	nan
20151227	nan	nan	nan
20151228	nan	nan	nan
20151229	nan	nan	nan
20151230	nan	nan	nan
20151231	nan	nan	nan
20160101	nan	nan	nan
20160102	nan	nan	nan
20160103	nan	nan	nan
20160104	nan	nan	nan
20160105	nan	nan	nan
20160106	nan	nan	nan
20160107	nan	nan	nan
20160108	nan	nan	nan
20160109	nan	nan	nan
20160110	nan	nan	nan
20160111	nan	nan	nan
20160112	nan	nan	nan
20160113	nan	nan	nan
20160114	nan	nan	nan
20160115	nan	nan	nan
20160116	nan	nan	nan
20160117	nan	nan	nan
20160118	nan	nan	nan
20160119	nan	nan	nan
20160120	nan	nan	nan
20160121	nan	nan	nan
20160122	nan	nan	nan
20160123	nan	nan	nan
20160124	nan	nan	nan
20160125	nan	nan	nan
20160126	nan	nan	nan
20160127	nan	nan	nan
20160128	nan	nan	nan
20160129	nan	nan	nan
20160130	nan	nan	nan
20160131	nan	nan	nan
20160201	nan	nan	nan
20160202	nan	nan	nan
20160203	nan	nan	nan
20160204	nan	nan	nan
20160205	nan	nan	nan
20160206	nan	nan	nan
20160207	nan	nan	nan
20160208	nan	nan	nan
20160209	nan	nan	nan
20160210	nan	nan	nan
20160211	nan	nan	nan
20160212	nan	nan	nan
20160213	nan	nan	nan
20160214	nan	nan	nan
20160215	nan	nan	nan
20160216	nan	nan	nan
20160217	nan	nan	nan
20160218	nan	nan	nan
20160219	nan	nan	nan
20160220	nan	nan	nan
20160221	nan	nan	nan
20160222	nan	nan	nan
20160223	nan	nan	nan
20160224	nan	nan	nan
20160225	nan	nan	nan
20160226	0.0203	99.71	0.2658
20160227	0.0203	99.71	0.2658
20160228	0.1761	99.61	0.2135
20160229	0.1761	99.61	0.2135
20160301	0.9442	99.02	0.0335
20160302	0.9442	99.02	0.0335
20160303	0.9505	99.02	0.0335
20160304	0.9455	98.07	0.9812
20160305	0.9455	98.06	0.9924
20160306	0.9455	98.06	0.9924
20160307	0.9456	98.06	0.9925
20160308	0.9645	98.02	1.012
20160309	0.2733	98.53	1.202
20160310	0.2716	98.49	1.236
20160311	0.5532	98.42	1.025
20160312	0.553	98.42	1.03
20160313	0.553	98.42	1.03
20160314	0.553	98.42	1.03
20160315	17.58	81.5	0.913
20160316	26.35	72.92	0.732
20160317	26.39	72.87	0.7334
20160318	26.38	72.86	0.7561
20160319	26.45	72.79	0.7568
20160320	28.06	71.15	0.7912
20160321	23.23	76.75	0.01635
20160322	23.65	76.33	0.01665
20160323	24.09	75.89	0.01617
20160324	24.07	75.87	0.0585
20160325	23.45	76.5	0.04904
20160326	23.33	76.63	0.04887
20160327	23.48	76.47	0.04924
20160328	19.42	80.33	0.2519
20160329	19.39	80.36	0.2521
20160330	19.29	80.26	0.4463
20160331	19.24	80.11	0.6478
20160401	19.27	79.82	0.9089
20160402	3.598	96.11	0.2928
20160403	3.598	96.11	0.2928
20160404	1.498	98.27	0.235
20160405	1.498	98.24	0.2589
20160406	1.74	97.96	0.304
20160407	1.74	97.96	0.304
20160408	2.283	97.43	0.2891
20160409	2.586	97.12	0.2891
20160410	2.586	97.12	0.2891
20160411	2.586	97.12	0.2891
20160412	2.587	97.12	0.2892
20160413	2.639	97.08	0.28
20160414	6.195	93.56	0.2465
20160415	7.038	92.61	0.3476
20160416	nan	nan	nan
20160417	nan	nan	nan
20160418	2.035	97.7	0.26
20160419	2.002	97.45	0.55
20160420	4.003	95.43	0.566
20160421	0.4187	99.01	0.5704
20160422	0.4187	99.01	0.5704
20160423	0.4187	98.99	0.5929
20160424	0.416	98.8	0.7813
20160425	0.4135	98.31	1.273
20160426	0.5906	98.18	1.234
20160427	0.5898	98.18	1.234
20160428	46.45	50.66	2.898
20160429	46.15	50.27	3.58
20160430	62.57	32.98	4.448
20160501	62.39	31.81	5.8
20160502	56.87	36.63	6.504
20160503	54.94	38.65	6.413
20160504	54.93	38.63	6.436
20160505	54.93	38.63	6.436
20160506	54.9	38.21	6.891
20160507	54.9	38.2	6.905
20160508	59.75	33.29	6.957
20160509	59.84	33.08	7.082
20160510	60.25	32.45	7.301
20160511	60.52	32.28	7.194
20160512	60.61	32.09	7.302
20160513	65.33	26.97	7.699
20160514	57.8	33.34	8.856
20160515	57.25	33.28	9.472
20160516	57.75	32.73	9.523
20160517	57.86	30.54	11.6
20160518	57.51	29.53	12.96
20160519	57.03	28.58	14.39
20160520	41.61	41.23	17.16
20160521	41.54	41.11	17.35
20160522	48.05	32.21	19.75
20160523	48.18	31.87	19.96
20160524	46.64	30.88	22.48
20160525	47.58	29.04	23.38
20160526	36.25	31.23	32.53
20160527	35.1	24.16	40.74
20160528	35.1	23.88	41.02
20160529	31.7	21.49	46.81
20160530	28.36	17.25	54.39
20160531	24.87	19.51	55.61
20160601	26.99	17.57	55.44
20160602	24.2	15.96	59.84
20160603	31.84	13.02	55.15
20160604	31.78	12.92	55.3
20160605	34.73	11.63	53.63
20160606	34.59	10.7	54.7
20160607	35.12	9.524	55.36
20160608	35.96	9.313	54.73
20160609	36.59	7.747	55.66
20160610	34.8	7.855	57.35
20160611	33.4	7.031	59.56
20160612	34.97	6.874	58.16
20160613	38.09	5.247	56.67
20160614	38.34	5.143	56.52
20160615	41.33	5.611	53.06
20160616	41.09	5.64	53.27
20160617	41.51	5.624	52.87
20160618	41.46	5.611	52.93
20160619	41.21	5.634	53.15
20160620	41.22	5.636	53.14
20160621	nan	nan	nan
20160622	nan	nan	nan
20160623	nan	nan	nan
20160624	nan	nan	nan
20160625	nan	nan	nan
20160626	nan	nan	nan
20160627	2.292	0.09335	97.61
20160628	2.292	0.09335	97.61
20160629	12.78	1.003	86.21
20160630	9.789	0.166	90.04
20160701	10.15	0.7926	89.06
20160702	9.293	0.7724	89.94
20160703	7.919	0.7358	91.35
20160704	6.774	1.016	92.21
20160705	6.763	1.016	92.22
20160706	9.122	0.9859	89.89
20160707	10.11	0.9088	88.98
20160708	8.605	0.8651	90.53
20160709	9.68	0.774	89.55
20160710	9.021	0.7211	90.26
20160711	9.271	0.9977	89.73
20160712	5.212	0.4223	94.37
20160713	3.647	0.3906	95.96
20160714	5.949	0.9255	93.13
20160715	6.128	0.4511	93.42
20160716	6.082	0.5008	93.42
20160717	5.846	0.4992	93.65
20160718	7.547	0.4826	91.97
20160719	7.81	0.5034	91.69
20160720	6.565	0.3886	93.05
20160721	3.495	0.1933	96.31
20160722	0.2514	0.09812	99.65
20160723	1.017	0.2467	98.74
20160724	0.995	0.2356	98.77
20160725	1.497	0.1582	98.34
20160726	2.488	0.2248	97.29
20160727	2.488	0.2248	97.29
20160728	2.473	0.2723	97.25
20160729	2.125	0.2561	97.62
20160730	1.551	0.2679	98.18
20160731	2.687	0.2354	97.08
20160801	2.684	0.2245	97.09
20160802	4.174	0.175	95.65
20160803	4.311	0.1848	95.5
20160804	2.904	0.7223	96.37
20160805	1.58	0.5522	97.87
20160806	2.238	0.578	97.18
20160807	4.147	0.5308	95.32
20160808	4.139	0.5309	95.33
20160809	4.141	0.6063	95.25
20160810	2.812	0.2405	96.95
20160811	4.52	0.2375	95.24
20160812	5.14	0.226	94.63
20160813	3.436	0.1908	96.37
20160814	5.242	0.146	94.61
20160815	3.19	0.1135	96.7
20160816	1.436	0.221	98.34
20160817	0.2594	0.06956	99.67
20160818	0.2381	0.1432	99.62
20160819	1.273	0.157	98.57
20160820	0.6171	0.09078	99.29
20160821	0.7946	0.1999	99.01
20160822	0.08037	0.002679	99.92
20160823	1.977	0.2005	97.82
20160824	2.148	0.2607	97.59
20160825	2.144	0.2607	97.6
20160826	4.759	0.208	95.03
20160827	4.61	0.208	95.18
20160828	8.485	0.2197	91.3
20160829	8.452	0.2197	91.33
20160830	8.481	0.3778	91.14
20160831	8.857	0.355	90.79
20160901	8.858	0.3553	90.79
20160902	8.885	0.4289	90.69
20160903	5.768	0.1828	94.05
20160904	nan	nan	nan
20160905	nan	nan	nan
20160906	nan	nan	nan
20160907	nan	nan	nan
20160908	nan	nan	nan
20160909	nan	nan	nan
20160910	5.331	2.081	92.59
20160911	6.305	2.064	91.63
20160912	7.548	2.419	90.03
20160913	2.627	0.8054	96.57
20160914	2.697	0.8772	96.43
20160915	2.459	0.8351	96.71
20160916	1.11	0.2496	98.64
20160917	1.299	0.3019	98.4
20160918	1.161	0.2831	98.56
20160919	2.241	2.461	95.3
20160920	2.144	2.137	95.72
20160921	2.068	1.677	96.26
20160922	0.3382	0.2725	99.39
20160923	0.8135	0.218	98.97
20160924	2.738	0.2194	97.04
20160925	2.738	0.2194	97.04
20160926	2.372	0.2831	97.34
20160927	6.118	0.3809	93.5
20160928	6.503	0.377	93.12
20160929	7.642	0.4292	91.93
20160930	12.22	1.889	85.9
20161001	14.09	1.997	83.92
20161002	13.07	3.899	83.03
20161003	13.7	12.91	73.39
20161004	11.87	34.67	53.47
20161005	16.45	29.8	53.75
20161006	16.76	29.61	53.63
20161007	14.35	20.1	65.55
20161008	8.645	10.09	81.27
20161009	10.47	3.82	85.71
20161010	3.644	3.259	93.1
20161011	8.609	3.073	88.32
20161012	11.86	2.607	85.54
20161013	12.24	2.568	85.19
20161014	12.18	2.324	85.5
20161015	5.207	2.273	92.52
20161016	18.31	2.519	79.17
20161017	19.82	3.586	76.6
20161018	12.44	7.163	80.4
20161019	13.16	8.135	78.7
20161020	3.628	4.382	91.99
20161021	12.51	9.799	77.69
20161022	5.98	7.406	86.61
20161023	15.16	11.52	73.33
20161024	26.51	11.36	62.13
20161025	26.02	11.96	62.02
20161026	17.28	11.6	71.11
20161027	15.16	13.28	71.56
20161028	21.49	23.16	55.34
20161029	30.86	29.44	39.7
20161030	26.53	37.2	36.27
20161031	39.17	42.69	18.13
20161101	31.27	46.39	22.35
20161102	30.82	46.37	22.81
20161103	27.68	53.7	18.62
20161104	26.86	59.47	13.67
20161105	23.29	57.07	19.64
20161106	40.47	50.66	8.867
20161107	40.49	50.54	8.97
20161108	45.96	47.17	6.867
20161109	46.32	47.03	6.651
20161110	51.18	43.34	5.474
20161111	54.03	40.83	5.139
20161112	54.76	40.48	4.761
20161113	55.48	40.02	4.503
20161114	57.16	38.36	4.48
20161115	nan	nan	nan
20161116	nan	nan	nan
20161117	nan	nan	nan
20161118	nan	nan	nan
20161119	nan	nan	nan
20161120	nan	nan	nan
20161121	nan	nan	nan
20161122	nan	nan	nan
20161123	nan	nan	nan
20161124	nan	nan	nan
20161125	nan	nan	nan
20161126	nan	nan	nan
20161127	nan	nan	nan
20161128	nan	nan	nan
20161129	nan	nan	nan
20161130	nan	nan	nan
20161201	nan	nan	nan
20161202	nan	nan	nan
20161203	nan	nan	nan
20161204	nan	nan	nan
20161205	nan	nan	nan
20161206	nan	nan	nan
20161207	nan	nan	nan
20161208	nan	nan	nan
20161209	nan	nan	nan
20161210	nan	nan	nan
20161211	nan	nan	nan
20161212	nan	nan	nan
20161213	nan	nan	nan
20161214	nan	nan	nan
20161215	nan	nan	nan
20161216	nan	nan	nan
20161217	nan	nan	nan
20161218	nan	nan	nan
20161219	nan	nan	nan
20161220	nan	nan	nan
20161221	nan	nan	nan
20161222	nan	nan	nan
20161223	nan	nan	nan
20161224	nan	nan	nan
20161225	nan	nan	nan
20161226	nan	nan	nan
20161227	nan	nan	nan
20161228	nan	nan	nan
20161229	nan	nan	nan
20161230	nan	nan	nan
20161231	nan	nan	nan
20170101	nan	nan	nan
20170102	nan	nan	nan
20170103	nan	nan	nan
20170104	nan	nan	nan
20170105	nan	nan	nan
20170106	nan	nan	nan
20170107	nan	nan	nan
20170108	nan	nan	nan
20170109	nan	nan	nan
20170110	nan	nan	nan
20170111	nan	nan	nan
20170112	nan	nan	nan
20170113	nan	nan	nan
20170114	nan	nan	nan
20170115	nan	nan	nan
20170116	nan	nan	nan
20170117	nan	nan	nan
20170118	nan	nan	nan
20170119	nan	nan	nan
20170120	nan	nan	nan
20170121	nan	nan	nan
20170122	nan	nan	nan
20170123	nan	nan	nan
20170124	nan	nan	nan
20170125	nan	nan	nan
20170126	nan	nan	nan
20170127	nan	nan	nan
20170128	nan	nan	nan
20170129	nan	nan	nan
20170130	nan	nan	nan
20170131	nan	nan	nan
20170201	nan	nan	nan
20170202	nan	nan	nan
20170203	nan	nan	nan
20170204	nan	nan	nan
20170205	nan	nan	nan
20170206	nan	nan	nan
20170207	2.515	97.14	0.3428
20170208	2.381	97.11	0.5061
20170209	2.769	96.86	0.3745
20170210	2.767	96.82	0.4087
20170211	1.558	98.02	0.4217
20170212	7.359	92.22	0.4207
20170213	39.6	60.06	0.3378
20170214	45.53	53.97	0.5
20170215	45.54	53.97	0.4917
20170216	45.69	53.82	0.4933
20170217	44.71	54.85	0.4365
20170218	nan	nan	nan
20170219	nan	nan	nan
20170220	nan	nan	nan
20170221	nan	nan	nan
20170222	nan	nan	nan
20170223	nan	nan	nan
20170224	nan	nan	nan
20170225	4.924	93.98	1.101
20170226	1.625	97.56	0.8121
20170227	0.3649	99.36	0.2747
20170228	0.2019	99.5	0.2971
20170301	0.07184	99.54	0.3919
20170302	0.04291	99.79	0.1716
20170303	0.02495	99.64	0.3371
20170304	0.02957	99.58	0.393
20170305	0.01047	99.75	0.2385
20170306	0.004519	99.89	0.1058
20170307	0.02398	99.88	0.09412
20170308	0.01353	99.89	0.09608
20170309	0.04107	99.87	0.08485
20170310	0.04391	99.58	0.3794
20170311	0.01503	99.64	0.3475
20170312	0.04434	99.59	0.3675
20170313	0.04573	99.61	0.3437
20170314	nan	nan	nan
20170315	nan	nan	nan
20170316	nan	nan	nan
20170317	nan	nan	nan
20170318	nan	nan	nan
20170319	nan	nan	nan
20170320	nan	nan	nan
20170321	nan	nan	nan
20170322	nan	nan	nan
20170323	nan	nan	nan
20170324	0.01571	99.84	0.1468
20170325	nan	nan	nan
20170326	nan	nan	nan
20170327	nan	nan	nan
20170328	8.965	90.98	0.05199
20170329	nan	nan	nan
20170330	nan	nan	nan
20170331	nan	nan	nan
20170401	nan	nan	nan
20170402	nan	nan	nan
20170403	nan	nan	nan
20170404	20.66	79.32	0.02726
20170405	33.35	66.58	0.0697
20170406	33.75	66.17	0.08288
20170407	36.06	63.86	0.07435
20170408	11.86	88.12	0.01596
20170409	16.83	83.15	0.01624
20170410	16.75	83.23	0.01623
20170411	17.08	82.9	0.01636
20170412	15.83	84.15	0.0246
20170413	5.303	94.7	0.0
20170414	3.366	96.62	0.01185
20170415	nan	nan	nan
20170416	nan	nan	nan
20170417	2.402	97.6	0.0
20170418	2.365	97.63	0.0
20170419	2.396	97.6	0.0
20170420	2.251	97.75	0.0
20170421	2.488	97.51	0.0
20170422	1.765	98.23	0.0
20170423	0.554	99.45	0.0
20170424	nan	nan	nan
20170425	1.467	98.53	0.0
20170426	3.365	96.64	0.0
20170427	2.336	97.66	0.0
20170428	0.3315	99.67	0.0
20170429	0.5145	99.49	0.0
20170430	0.6367	99.36	0.0
20170501	0.8643	99.14	0.0
20170502	1.12	98.88	0.0
20170503	4.234	95.77	0.0
20170504	5.038	94.96	0.0
20170505	60.14	39.86	0.0
20170506	75.08	24.92	0.0
20170507	73.65	26.32	0.02222
20170508	71.74	28.18	0.0839
20170509	57.93	41.99	0.08133
20170510	63.09	36.82	0.08907
20170511	36.44	63.48	0.08505
20170512	22.14	77.71	0.1484
20170513	19.89	80.0	0.1045
20170514	13.39	86.42	0.1971
20170515	23.81	75.84	0.3543
20170516	15.58	84.09	0.332
20170517	23.27	76.4	0.3267
20170518	35.2	64.14	0.6632
20170519	68.84	30.52	0.6373
20170520	72.98	26.42	0.5972
20170521	76.7	22.74	0.5597
20170522	80.07	19.51	0.4138
20170523	78.12	21.34	0.5337
20170524	76.83	22.64	0.5329
20170525	78.74	20.24	1.029
20170526	75.4	23.54	1.061
20170527	67.77	29.37	2.865
20170528	72.92	24.28	2.793
20170529	71.46	25.89	2.655
20170530	73.06	24.23	2.708
20170531	72.47	24.88	2.649
20170601	73.83	23.84	2.325
20170602	69.52	27.64	2.838
20170603	41.99	53.14	4.872
20170604	52.37	42.78	4.848
20170605	52.54	42.81	4.643
20170606	66.67	28.24	5.087
20170607	55.14	37.85	7.015
20170608	55.59	33.55	10.86
20170609	56.3	28.76	14.94
20170610	52.17	26.67	21.15
20170611	49.55	27.49	22.96
20170612	42.46	32.09	25.45
20170613	46.51	25.2	28.29
20170614	48.62	20.84	30.54
20170615	49.25	19.47	31.28
20170616	49.75	18.15	32.1
20170617	47.3	18.37	34.32
20170618	49.79	15.7	34.51
20170619	51.06	13.42	35.52
20170620	52.67	11.94	35.4
20170621	nan	nan	nan
20170622	nan	nan	nan
20170623	48.33	12.11	39.56
20170624	nan	nan	nan
20170625	nan	nan	nan
20170626	nan	nan	nan
20170627	nan	nan	nan
20170628	nan	nan	nan
20170629	nan	nan	nan
20170630	nan	nan	nan
20170701	nan	nan	nan
20170702	nan	nan	nan
20170703	nan	nan	nan
20170704	nan	nan	nan
20170705	nan	nan	nan
20170706	nan	nan	nan
20170707	nan	nan	nan
20170708	nan	nan	nan
20170709	nan	nan	nan
20170710	nan	nan	nan
20170711	28.44	5.282	66.28
20170712	31.67	3.755	64.58
20170713	nan	nan	nan
20170714	nan	nan	nan
20170715	nan	nan	nan
20170716	nan	nan	nan
20170717	nan	nan	nan
20170718	nan	nan	nan
20170719	nan	nan	nan
20170720	nan	nan	nan
20170721	nan	nan	nan
20170722	nan	nan	nan
20170723	14.79	0.8878	84.32
20170724	15.69	0.687	83.62
20170725	8.429	0.6008	90.97
20170726	10.18	0.433	89.39
20170727	11.21	0.2694	88.52
20170728	9.577	0.2012	90.22
20170729	6.716	0.1791	93.1
20170730	9.206	0.3085	90.49
20170731	12.14	0.2298	87.63
20170801	13.12	0.2192	86.66
20170802	13.11	0.2469	86.64
20170803	13.58	0.1991	86.22
20170804	11.44	0.2046	88.36
20170805	nan	nan	nan
20170806	nan	nan	nan
20170807	11.74	5.672	82.58
20170808	10.87	1.827	87.3
20170809	10.95	1.83	87.22
20170810	10.69	3.271	86.04
20170811	9.294	2.178	88.53
20170812	10.19	2.683	87.13
20170813	11.06	2.048	86.89
20170814	11.26	1.787	86.96
20170815	nan	nan	nan
20170816	8.789	1.448	89.76
20170817	10.92	0.9136	88.16
20170818	11.01	0.9216	88.07
20170819	9.857	0.6123	89.53
20170820	nan	nan	nan
20170821	nan	nan	nan
20170822	nan	nan	nan
20170823	nan	nan	nan
20170824	nan	nan	nan
20170825	nan	nan	nan
20170826	nan	nan	nan
20170827	nan	nan	nan
20170828	nan	nan	nan
20170829	nan	nan	nan
20170830	nan	nan	nan
20170831	nan	nan	nan
20170901	nan	nan	nan
20170902	nan	nan	nan
20170903	nan	nan	nan
20170904	3.865	0.4179	95.72
20170905	4.842	0.26	94.9
20170906	6.097	0.2233	93.68
20170907	3.416	0.2699	96.31
20170908	5.79	0.1863	94.02
20170909	5.635	0.1862	94.18
20170910	9.029	0.2708	90.7
20170911	8.917	0.9359	90.15
20170912	10.57	4.621	84.81
20170913	10.89	4.59	84.52
20170914	nan	nan	nan
20170915	nan	nan	nan
20170916	nan	nan	nan
20170917	nan	nan	nan
20170918	nan	nan	nan
20170919	nan	nan	nan
20170920	nan	nan	nan
20170921	nan	nan	nan
20170922	10.04	0.5668	89.39
20170923	9.919	3.375	86.71
20170924	6.445	0.3851	93.17
20170925	8.017	0.2177	91.77
20170926	5.186	0.2503	94.56
20170927	1.508	0.4236	98.07
20170928	1.521	0.6103	97.87
20170929	2.56	0.3567	97.08
20170930	3.093	0.3801	96.53
20171001	1.982	0.4126	97.61
20171002	3.503	0.3229	96.17
20171003	3.509	0.8223	95.67
20171004	9.503	0.8124	89.68
20171005	9.183	0.6728	90.14
20171006	12.01	0.6409	87.35
20171007	13.78	1.348	84.87
20171008	nan	nan	nan
20171009	9.95	6.116	83.93
20171010	6.778	8.447	84.78
20171011	13.13	10.23	76.65
20171012	14.21	16.23	69.56
20171013	6.957	23.51	69.53
20171014	11.46	26.74	61.81
20171015	9.716	31.49	58.79
20171016	20.97	26.61	52.41
20171017	15.92	49.2	34.88
20171018	23.54	45.85	30.61
20171019	27.23	47.42	25.35
20171020	14.8	79.17	6.036
20171021	19.48	75.84	4.683
20171022	9.377	86.18	4.444
20171023	33.02	65.44	1.543
20171024	31.05	67.68	1.276
20171025	25.91	72.44	1.655
20171026	28.27	69.49	2.236
20171027	28.13	69.74	2.137
20171028	31.19	66.27	2.538
20171029	22.01	74.99	3.002
20171030	19.81	78.63	1.561
20171031	9.807	88.76	1.435
20171101	13.81	84.93	1.26
20171102	12.84	84.21	2.955
20171103	13.97	83.85	2.181
20171104	23.46	72.32	4.224
20171105	20.56	75.92	3.513
20171106	11.73	85.7	2.576
20171107	13.43	83.94	2.631
20171108	14.23	83.12	2.648
20171109	18.28	79.71	2.017
20171110	nan	nan	nan
20171111	nan	nan	nan
20171112	nan	nan	nan
20171113	nan	nan	nan
20171114	nan	nan	nan
20171115	nan	nan	nan
20171116	nan	nan	nan
20171117	nan	nan	nan
20171118	nan	nan	nan
20171119	nan	nan	nan
20171120	nan	nan	nan
20171121	nan	nan	nan
20171122	nan	nan	nan
20171123	nan	nan	nan
20171124	nan	nan	nan
20171125	nan	nan	nan
20171126	nan	nan	nan
20171127	nan	nan	nan
20171128	nan	nan	nan
20171129	nan	nan	nan
20171130	nan	nan	nan
20171201	nan	nan	nan
20171202	nan	nan	nan
20171203	nan	nan	nan
20171204	nan	nan	nan
20171205	nan	nan	nan
20171206	nan	nan	nan
20171207	nan	nan	nan
20171208	nan	nan	nan
20171209	nan	nan	nan
20171210	nan	nan	nan
20171211	nan	nan	nan
20171212	nan	nan	nan
20171213	nan	nan	nan
20171214	nan	nan	nan
20171215	nan	nan	nan
20171216	nan	nan	nan
20171217	nan	nan	nan
20171218	nan	nan	nan
20171219	nan	nan	nan
20171220	nan	nan	nan
20171221	nan	nan	nan
20171222	nan	nan	nan
20171223	nan	nan	nan
20171224	nan	nan	nan
20171225	nan	nan	nan
20171226	nan	nan	nan
20171227	nan	nan	nan
20171228	nan	nan	nan
20171229	nan	nan	nan
20171230	nan	nan	nan
20171231	nan	nan	nan
20180101	nan	nan	nan
20180102	nan	nan	nan
20180103	nan	nan	nan
20180104	nan	nan	nan
20180105	nan	nan	nan
20180106	nan	nan	nan
20180107	nan	nan	nan
20180108	nan	nan	nan
20180109	nan	nan	nan
20180110	nan	nan	nan
20180111	nan	nan	nan
20180112	nan	nan	nan
20180113	nan	nan	nan
20180114	nan	nan	nan
20180115	nan	nan	nan
20180116	nan	nan	nan
20180117	nan	nan	nan
20180118	nan	nan	nan
20180119	nan	nan	nan
20180120	nan	nan	nan
20180121	nan	nan	nan
20180122	nan	nan	nan
20180123	nan	nan	nan
20180124	nan	nan	nan
20180125	nan	nan	nan
20180126	nan	nan	nan
20180127	nan	nan	nan
20180128	nan	nan	nan
20180129	nan	nan	nan
20180130	nan	nan	nan
20180131	nan	nan	nan
20180201	nan	nan	nan
20180202	nan	nan	nan
20180203	nan	nan	nan
20180204	nan	nan	nan
20180205	nan	nan	nan
20180206	nan	nan	nan
20180207	nan	nan	nan
20180208	nan	nan	nan
20180209	7.384	91.65	0.9614
20180210	6.85	92.29	0.8608
20180211	1.021	97.41	1.573
20180212	1.01	96.72	2.272
20180213	3.523	94.81	1.664
20180214	0.8594	95.41	3.728
20180215	3.18	93.33	3.49
20180216	7.291	92.16	0.5485
20180217	2.521	97.23	0.2532
20180218	4.628	95.22	0.1525
20180219	3.259	94.98	1.765
20180220	10.78	88.99	0.2261
20180221	5.08	94.81	0.1135
20180222	1.104	98.81	0.08618
20180223	5.308	94.57	0.124
20180224	3.732	96.12	0.1466
20180225	11.07	88.8	0.1301
20180226	5.191	94.32	0.4913
20180227	7.649	92.12	0.2339
20180228	10.11	89.66	0.2237
20180301	10.17	89.61	0.2166
20180302	10.31	89.47	0.2189
20180303	10.39	89.32	0.2886
20180304	13.52	86.13	0.3517
20180305	9.418	90.27	0.3117
20180306	4.792	95.17	0.03963
20180307	8.09	91.73	0.1782
20180308	5.757	94.19	0.0573
20180309	13.59	86.4	0.01022
20180310	9.589	90.41	0.003405
20180311	7.526	92.46	0.01797
20180312	8.245	91.73	0.02771
20180313	8.936	91.06	0.006612
20180314	9.094	90.91	0.0
20180315	2.839	97.15	0.007747
20180316	11.35	88.65	0.001341
20180317	12.23	87.77	0.0
20180318	11.0	88.96	0.04472
20180319	10.24	89.72	0.0447
20180320	8.902	91.05	0.0447
20180321	7.968	91.86	0.1676
20180322	7.125	92.71	0.1685
20180323	4.013	95.99	0.0
20180324	8.64	91.36	0.0
20180325	8.7	91.3	0.0
20180326	9.116	90.88	0.0
20180327	7.845	92.02	0.1332
20180328	8.651	91.18	0.1694
20180329	7.774	91.95	0.2715
20180330	7.188	92.47	0.3459
20180331	nan	nan	nan
20180401	nan	nan	nan
20180402	2.635	97.31	0.05347
20180403	0.5381	99.46	0.0
20180404	1.234	98.77	0.0
20180405	2.99	96.98	0.03447
20180406	3.052	96.91	0.03447
20180407	3.07	96.87	0.05739
20180408	0.6618	99.29	0.04508
20180409	1.273	98.64	0.08655
20180410	2.245	97.68	0.07815
20180411	2.237	97.69	0.07655
20180412	0.4406	99.56	0.0
20180413	1.908	98.09	0.0
20180414	10.23	89.77	0.0
20180415	10.98	89.02	0.0
20180416	26.84	73.16	0.0
20180417	19.71	80.29	0.0
20180418	8.547	91.41	0.04462
20180419	17.05	82.9	0.04462
20180420	56.09	43.87	0.03614
20180421	70.09	29.88	0.02722
20180422	72.97	27.01	0.02097
20180423	64.14	35.69	0.1687
20180424	67.26	32.57	0.1673
20180425	76.01	23.82	0.1763
20180426	77.34	22.48	0.1755
20180427	77.21	22.61	0.1787
20180428	76.64	23.18	0.1843
20180429	81.6	18.19	0.2107
20180430	nan	nan	nan
20180501	69.01	29.3	1.695
20180502	64.61	33.6	1.79
20180503	67.02	29.84	3.131
20180504	66.57	28.93	4.501
20180505	63.03	32.47	4.504
20180506	68.57	26.07	5.363
20180507	68.8	25.84	5.363
20180508	57.64	35.76	6.602
20180509	49.16	43.26	7.584
20180510	52.91	35.87	11.22
20180511	52.76	34.73	12.51
20180512	50.74	35.43	13.83
20180513	49.27	35.87	14.85
20180514	33.98	46.33	19.69
20180515	37.08	40.82	22.1
20180516	38.27	32.53	29.2
20180517	29.72	34.42	35.86
20180518	36.76	25.11	38.14
20180519	36.73	24.21	39.07
20180520	38.51	21.94	39.55
20180521	39.74	20.41	39.85
20180522	41.56	18.68	39.77
20180523	44.62	16.61	38.77
20180524	nan	nan	nan
20180525	nan	nan	nan
20180526	nan	nan	nan
20180527	nan	nan	nan
20180528	nan	nan	nan
20180529	nan	nan	nan
20180530	nan	nan	nan
20180531	32.84	3.939	63.23
20180601	26.74	5.838	67.42
20180602	26.9	4.925	68.17
20180603	29.08	5.295	65.63
20180604	36.13	3.239	60.63
20180605	35.33	5.843	58.83
20180606	36.72	5.622	57.66
20180607	40.21	5.327	54.47
20180608	nan	nan	nan
20180609	nan	nan	nan
20180610	nan	nan	nan
20180611	nan	nan	nan
20180612	nan	nan	nan
20180613	nan	nan	nan
20180614	nan	nan	nan
20180615	nan	nan	nan
20180616	nan	nan	nan
20180617	22.74	3.075	74.18
20180618	22.32	3.07	74.61
20180619	22.58	3.106	74.31
20180620	24.64	4.057	71.3
20180621	24.83	5.084	70.09
20180622	24.47	4.858	70.67
20180623	23.73	4.863	71.41
20180624	nan	nan	nan
20180625	nan	nan	nan
20180626	nan	nan	nan
20180627	nan	nan	nan
20180628	nan	nan	nan
20180629	nan	nan	nan
20180630	nan	nan	nan
20180701	9.777	3.14	87.08
20180702	7.846	1.489	90.67
20180703	9.122	1.27	89.61
20180704	9.897	1.182	88.92
20180705	10.45	0.8816	88.67
20180706	10.34	0.9511	88.71
20180707	10.35	0.9557	88.69
20180708	8.328	0.6204	91.05
20180709	9.953	0.4865	89.56
20180710	7.138	0.366	92.5
20180711	3.823	0.3097	95.87
20180712	2.851	0.3162	96.83
20180713	2.084	0.2391	97.68
20180714	3.086	0.1414	96.77
20180715	4.161	0.2329	95.61
20180716	2.999	0.2532	96.75
20180717	2.362	0.171	97.47
20180718	1.24	0.1324	98.63
20180719	2.797	0.2079	96.99
20180720	2.349	0.1659	97.48
20180721	2.806	0.341	96.85
20180722	4.36	0.1965	95.44
20180723	4.591	0.2178	95.19
20180724	4.69	0.1953	95.11
20180725	4.778	0.256	94.97
20180726	3.711	0.1954	96.09
20180727	3.2	0.1926	96.61
20180728	0.7933	0.2049	99.0
20180729	1.235	0.1871	98.58
20180730	1.188	0.1726	98.64
20180731	0.7981	0.2123	98.99
20180801	0.4488	0.04966	99.5
20180802	1.663	0.06855	98.27
20180803	3.682	0.1507	96.17
20180804	3.298	0.1478	96.55
20180805	3.295	0.1417	96.56
20180806	3.412	0.2119	96.38
20180807	4.436	0.1417	95.42
20180808	5.829	0.1615	94.01
20180809	6.006	0.3152	93.68
20180810	6.92	0.261	92.82
20180811	6.524	1.508	91.97
20180812	7.471	1.526	91.0
20180813	7.557	1.531	90.91
20180814	8.125	1.784	90.09
20180815	nan	nan	nan
20180816	nan	nan	nan
20180817	nan	nan	nan
20180818	2.957	0.3562	96.69
20180819	5.292	0.2315	94.48
20180820	6.428	0.4808	93.09
20180821	5.843	0.8242	93.33
20180822	5.549	0.9231	93.53
20180823	4.738	0.9732	94.29
20180824	5.831	1.036	93.13
20180825	6.089	1.144	92.77
20180826	4.818	0.8234	94.36
20180827	6.308	0.7743	92.92
20180828	2.136	0.4172	97.45
20180829	2.271	0.3183	97.41
20180830	4.087	0.3441	95.57
20180831	4.583	0.2414	95.18
20180901	5.443	0.2181	94.34
20180902	5.748	0.2592	93.99
20180903	5.944	5.018	89.04
20180904	4.208	4.624	91.17
20180905	3.029	0.2338	96.74
20180906	1.05	0.07242	98.88
20180907	2.351	0.2774	97.37
20180908	3.967	0.1652	95.87
20180909	1.626	0.2142	98.16
20180910	0.641	0.07571	99.28
20180911	1.774	1.474	96.75
20180912	4.706	1.046	94.25
20180913	6.571	0.9581	92.47
20180914	6.689	2.064	91.25
20180915	8.118	1.925	89.96
20180916	9.65	3.298	87.05
20180917	9.212	2.348	88.44
20180918	9.355	2.123	88.52
20180919	10.71	16.19	73.1
20180920	9.205	8.918	81.88
20180921	8.144	6.62	85.24
20180922	4.606	3.311	92.08
20180923	8.046	3.299	88.65
20180924	11.9	3.103	84.99
20180925	15.26	3.404	81.33
20180926	15.7	1.845	82.45
20180927	23.72	7.639	68.65
20180928	23.7	21.43	54.88
20180929	nan	nan	nan
20180930	nan	nan	nan
20181001	nan	nan	nan
20181002	nan	nan	nan
20181003	nan	nan	nan
20181004	23.24	57.01	19.74
20181005	nan	nan	nan
20181006	nan	nan	nan
20181007	nan	nan	nan
20181008	nan	nan	nan
20181009	20.11	70.98	8.901
20181010	nan	nan	nan
20181011	nan	nan	nan
20181012	35.73	48.2	16.07
20181013	42.79	41.22	15.99
20181014	45.05	38.52	16.43
20181015	34.91	40.51	24.58
20181016	32.5	32.05	35.45
20181017	29.58	27.96	42.46
20181018	27.87	27.46	44.66
20181019	26.64	36.21	37.15
20181020	24.65	41.48	33.87
20181021	24.58	49.26	26.16
20181022	24.3	46.73	28.97
20181023	27.81	44.2	27.98
20181024	10.45	69.03	20.52
20181025	36.75	51.64	11.61
20181026	45.89	46.45	7.663
20181027	32.35	61.77	5.882
20181028	37.21	56.0	6.786
20181029	23.34	70.75	5.916
20181030	47.39	50.19	2.42
20181031	51.15	47.22	1.623
20181101	36.63	60.42	2.959
20181102	42.35	54.89	2.754
20181103	36.94	58.43	4.634
20181104	55.67	40.34	3.992
20181105	46.31	48.74	4.948
20181106	40.0	54.75	5.248
20181107	39.37	53.13	7.506
20181108	42.77	50.12	7.109
20181109	43.0	49.9	7.093
20181110	44.87	48.68	6.457
20181111	nan	nan	nan
20181112	nan	nan	nan
20181113	nan	nan	nan
20181114	nan	nan	nan
20181115	nan	nan	nan
20181116	nan	nan	nan
20181117	nan	nan	nan
20181118	nan	nan	nan
20181119	nan	nan	nan
20181120	nan	nan	nan
20181121	nan	nan	nan
20181122	nan	nan	nan
20181123	nan	nan	nan
20181124	nan	nan	nan
20181125	nan	nan	nan
20181126	nan	nan	nan
20181127	nan	nan	nan
20181128	nan	nan	nan
20181129	nan	nan	nan
20181130	nan	nan	nan
20181201	nan	nan	nan
20181202	nan	nan	nan
20181203	nan	nan	nan
20181204	nan	nan	nan
20181205	nan	nan	nan
20181206	nan	nan	nan
20181207	nan	nan	nan
20181208	nan	nan	nan
20181209	nan	nan	nan
20181210	nan	nan	nan
20181211	nan	nan	nan
20181212	nan	nan	nan
20181213	nan	nan	nan
20181214	nan	nan	nan
20181215	nan	nan	nan
20181216	nan	nan	nan
20181217	nan	nan	nan
20181218	nan	nan	nan
20181219	nan	nan	nan
20181220	nan	nan	nan
20181221	nan	nan	nan
20181222	nan	nan	nan
20181223	nan	nan	nan
20181224	nan	nan	nan
20181225	nan	nan	nan
20181226	nan	nan	nan
20181227	nan	nan	nan
20181228	nan	nan	nan
20181229	nan	nan	nan
20181230	nan	nan	nan
20181231	nan	nan	nan
20190101	nan	nan	nan
20190102	nan	nan	nan
20190103	nan	nan	nan
20190104	nan	nan	nan
20190105	nan	nan	nan
20190106	nan	nan	nan
20190107	nan	nan	nan
20190108	nan	nan	nan
20190109	nan	nan	nan
20190110	nan	nan	nan
20190111	nan	nan	nan
20190112	nan	nan	nan
20190113	nan	nan	nan
20190114	nan	nan	nan
20190115	nan	nan	nan
20190116	nan	nan	nan
20190117	nan	nan	nan
20190118	nan	nan	nan
20190119	nan	nan	nan
20190120	nan	nan	nan
20190121	nan	nan	nan
20190122	nan	nan	nan
20190123	nan	nan	nan
20190124	nan	nan	nan
20190125	nan	nan	nan
20190126	nan	nan	nan
20190127	nan	nan	nan
20190128	nan	nan	nan
20190129	nan	nan	nan
20190130	nan	nan	nan
20190131	nan	nan	nan
20190201	nan	nan	nan
20190202	nan	nan	nan
20190203	nan	nan	nan
20190204	nan	nan	nan
20190205	nan	nan	nan
20190206	nan	nan	nan
20190207	8.159	89.41	2.436
20190208	22.58	76.24	1.177
20190209	11.15	88.34	0.5129
20190210	18.52	81.05	0.4321
20190211	22.7	76.92	0.3748
20190212	15.79	82.58	1.632
20190213	14.19	84.38	1.435
20190214	11.75	85.79	2.454
20190215	15.78	82.33	1.89
20190216	18.83	79.2	1.973
20190217	9.328	88.91	1.757
20190218	18.59	79.74	1.673
20190219	19.28	79.34	1.377
20190220	20.8	77.41	1.796
20190221	14.81	83.68	1.504
20190222	28.76	70.01	1.223
