Date	WetSnow	DrySnow	BareGround
20140920	nan	nan	nan
20140921	nan	nan	nan
20140922	nan	nan	nan
20140923	nan	nan	nan
20140924	nan	nan	nan
20140925	nan	nan	nan
20140926	nan	nan	nan
20140927	nan	nan	nan
20140928	nan	nan	nan
20140929	nan	nan	nan
20140930	nan	nan	nan
20141001	nan	nan	nan
20141002	nan	nan	nan
20141003	nan	nan	nan
20141004	24.03	0.1879	75.78
20141005	27.19	2.557	70.25
20141006	14.06	1.341	84.6
20141007	12.96	1.339	85.7
20141008	11.55	1.044	87.41
20141009	10.99	1.006	88.0
20141010	8.812	0.7888	90.4
20141011	8.308	0.7187	90.97
20141012	7.645	0.644	91.71
20141013	7.645	0.6442	91.71
20141014	7.658	0.6453	91.7
20141015	7.446	0.6155	91.94
20141016	7.18	0.6156	92.2
20141017	21.67	7.941	70.39
20141018	21.6	7.733	70.67
20141019	21.0	7.573	71.43
20141020	20.29	7.406	72.3
20141021	20.48	7.51	72.01
20141022	19.06	6.945	74.0
20141023	nan	nan	nan
20141024	nan	nan	nan
20141025	nan	nan	nan
20141026	nan	nan	nan
20141027	nan	nan	nan
20141028	nan	nan	nan
20141029	nan	nan	nan
20141030	nan	nan	nan
20141031	nan	nan	nan
20141101	nan	nan	nan
20141102	nan	nan	nan
20141103	nan	nan	nan
20141104	nan	nan	nan
20141105	nan	nan	nan
20141106	nan	nan	nan
20141107	nan	nan	nan
20141108	nan	nan	nan
20141109	nan	nan	nan
20141110	nan	nan	nan
20141111	nan	nan	nan
20141112	nan	nan	nan
20141113	nan	nan	nan
20141114	nan	nan	nan
20141115	nan	nan	nan
20141116	nan	nan	nan
20141117	nan	nan	nan
20141118	nan	nan	nan
20141119	nan	nan	nan
20141120	nan	nan	nan
20141121	nan	nan	nan
20141122	nan	nan	nan
20141123	nan	nan	nan
20141124	nan	nan	nan
20141125	nan	nan	nan
20141126	nan	nan	nan
20141127	nan	nan	nan
20141128	nan	nan	nan
20141129	nan	nan	nan
20141130	nan	nan	nan
20141201	nan	nan	nan
20141202	nan	nan	nan
20141203	nan	nan	nan
20141204	nan	nan	nan
20141205	nan	nan	nan
20141206	nan	nan	nan
20141207	nan	nan	nan
20141208	nan	nan	nan
20141209	nan	nan	nan
20141210	nan	nan	nan
20141211	nan	nan	nan
20141212	nan	nan	nan
20141213	nan	nan	nan
20141214	nan	nan	nan
20141215	nan	nan	nan
20141216	nan	nan	nan
20141217	nan	nan	nan
20141218	nan	nan	nan
20141219	nan	nan	nan
20141220	nan	nan	nan
20141221	nan	nan	nan
20141222	nan	nan	nan
20141223	nan	nan	nan
20141224	nan	nan	nan
20141225	nan	nan	nan
20141226	nan	nan	nan
20141227	nan	nan	nan
20141228	nan	nan	nan
20141229	nan	nan	nan
20141230	nan	nan	nan
20141231	nan	nan	nan
20150101	nan	nan	nan
20150102	nan	nan	nan
20150103	nan	nan	nan
20150104	nan	nan	nan
20150105	nan	nan	nan
20150106	nan	nan	nan
20150107	nan	nan	nan
20150108	nan	nan	nan
20150109	nan	nan	nan
20150110	nan	nan	nan
20150111	nan	nan	nan
20150112	nan	nan	nan
20150113	nan	nan	nan
20150114	nan	nan	nan
20150115	nan	nan	nan
20150116	nan	nan	nan
20150117	nan	nan	nan
20150118	nan	nan	nan
20150119	nan	nan	nan
20150120	nan	nan	nan
20150121	nan	nan	nan
20150122	nan	nan	nan
20150123	nan	nan	nan
20150124	nan	nan	nan
20150125	nan	nan	nan
20150126	nan	nan	nan
20150127	nan	nan	nan
20150128	nan	nan	nan
20150129	nan	nan	nan
20150130	nan	nan	nan
20150131	nan	nan	nan
20150201	nan	nan	nan
20150202	nan	nan	nan
20150203	nan	nan	nan
20150204	nan	nan	nan
20150205	nan	nan	nan
20150206	nan	nan	nan
20150207	nan	nan	nan
20150208	nan	nan	nan
20150209	nan	nan	nan
20150210	nan	nan	nan
20150211	nan	nan	nan
20150212	nan	nan	nan
20150213	nan	nan	nan
20150214	nan	nan	nan
20150215	nan	nan	nan
20150216	nan	nan	nan
20150217	nan	nan	nan
20150218	nan	nan	nan
20150219	nan	nan	nan
20150220	nan	nan	nan
20150221	nan	nan	nan
20150222	nan	nan	nan
20150223	nan	nan	nan
20150224	nan	nan	nan
20150225	nan	nan	nan
20150226	nan	nan	nan
20150227	nan	nan	nan
20150228	nan	nan	nan
20150301	nan	nan	nan
20150302	nan	nan	nan
20150303	nan	nan	nan
20150304	nan	nan	nan
20150305	0.04799	99.55	0.4032
20150306	0.04805	99.43	0.5197
20150307	0.04805	99.43	0.5198
20150308	0.04822	99.15	0.8063
20150309	0.04722	99.14	0.8093
20150310	0.05781	99.15	0.794
20150311	0.05795	98.98	0.9574
20150312	0.07869	99.19	0.7343
20150313	0.06834	99.25	0.684
20150314	4.418	94.78	0.798
20150315	4.36	94.07	1.571
20150316	4.485	93.06	2.458
20150317	4.485	93.06	2.458
20150318	4.485	93.06	2.458
20150319	4.081	94.16	1.755
20150320	4.081	94.16	1.755
20150321	3.994	94.47	1.533
20150322	3.948	94.52	1.533
20150323	3.948	94.52	1.533
20150324	3.276	95.4	1.329
20150325	3.276	95.4	1.329
20150326	1.193	98.37	0.439
20150327	nan	nan	nan
20150328	nan	nan	nan
20150329	nan	nan	nan
20150330	nan	nan	nan
20150331	nan	nan	nan
20150401	nan	nan	nan
20150402	nan	nan	nan
20150403	nan	nan	nan
20150404	nan	nan	nan
20150405	nan	nan	nan
20150406	nan	nan	nan
20150407	nan	nan	nan
20150408	nan	nan	nan
20150409	nan	nan	nan
20150410	nan	nan	nan
20150411	nan	nan	nan
20150412	nan	nan	nan
20150413	nan	nan	nan
20150414	nan	nan	nan
20150415	nan	nan	nan
20150416	nan	nan	nan
20150417	nan	nan	nan
20150418	nan	nan	nan
20150419	nan	nan	nan
20150420	nan	nan	nan
20150421	nan	nan	nan
20150422	nan	nan	nan
20150423	nan	nan	nan
20150424	24.99	75.01	0.0
20150425	25.0	75.0	0.0
20150426	13.81	86.19	0.0
20150427	15.68	84.32	0.0
20150428	15.68	84.32	0.0
20150429	15.67	84.29	0.04367
20150430	15.67	84.29	0.04482
20150501	17.84	82.12	0.03965
20150502	17.83	82.09	0.0793
20150503	17.83	82.09	0.0793
20150504	16.12	83.81	0.07211
20150505	16.12	83.81	0.07211
20150506	58.2	41.74	0.06404
20150507	58.2	41.74	0.06404
20150508	81.61	18.34	0.04975
20150509	88.14	11.82	0.03844
20150510	88.08	11.77	0.1538
20150511	88.04	11.74	0.2182
20150512	88.04	11.74	0.2182
20150513	79.99	19.8	0.2149
20150514	79.99	19.79	0.2149
20150515	80.06	19.73	0.2151
20150516	72.65	27.06	0.29
20150517	72.61	27.06	0.3336
20150518	64.11	35.15	0.7394
20150519	64.11	35.15	0.7394
20150520	67.62	31.67	0.7026
20150521	72.96	26.44	0.6049
20150522	72.97	26.43	0.5955
20150523	72.88	26.41	0.7054
20150524	72.86	26.4	0.7335
20150525	72.79	26.11	1.099
20150526	72.4	25.81	1.797
20150527	72.46	25.75	1.792
20150528	72.47	25.74	1.788
20150529	73.55	24.1	2.35
20150530	73.29	23.37	3.34
20150531	73.58	23.05	3.366
20150601	68.58	25.97	5.45
20150602	71.06	23.78	5.158
20150603	69.36	22.2	8.435
20150604	68.77	20.62	10.61
20150605	68.77	19.34	11.89
20150606	57.14	25.67	17.19
20150607	57.14	25.63	17.24
20150608	56.22	24.74	19.04
20150609	62.95	18.64	18.41
20150610	62.85	18.62	18.53
20150611	61.39	17.56	21.06
20150612	61.26	16.56	22.18
20150613	61.12	15.7	23.18
20150614	61.94	14.56	23.5
20150615	60.71	14.22	25.07
20150616	60.29	14.17	25.54
20150617	nan	nan	nan
20150618	57.09	13.74	29.16
20150619	56.77	12.25	30.98
20150620	54.64	11.58	33.78
20150621	54.61	11.57	33.82
20150622	52.84	10.47	36.69
20150623	53.12	9.84	37.04
20150624	52.93	9.696	37.37
20150625	nan	nan	nan
20150626	nan	nan	nan
20150627	nan	nan	nan
20150628	nan	nan	nan
20150629	nan	nan	nan
20150630	35.89	17.04	47.06
20150701	31.34	15.79	52.87
20150702	31.3	15.75	52.95
20150703	36.59	13.56	49.85
20150704	35.83	13.47	50.7
20150705	35.76	13.45	50.8
20150706	35.65	13.47	50.88
20150707	36.18	13.1	50.72
20150708	36.92	12.69	50.39
20150709	35.65	12.24	52.11
20150710	31.19	11.85	56.96
20150711	nan	nan	nan
20150712	nan	nan	nan
20150713	17.8	8.533	73.67
20150714	15.37	8.228	76.4
20150715	24.83	6.581	68.59
20150716	24.8	6.575	68.62
20150717	25.36	6.55	68.09
20150718	23.11	6.478	70.42
20150719	22.16	6.647	71.2
20150720	23.4	6.489	70.11
20150721	22.35	5.378	72.27
20150722	18.22	5.75	76.03
20150723	16.37	4.927	78.7
20150724	20.04	5.759	74.2
20150725	nan	nan	nan
20150726	nan	nan	nan
20150727	nan	nan	nan
20150728	nan	nan	nan
20150729	nan	nan	nan
20150730	nan	nan	nan
20150731	nan	nan	nan
20150801	nan	nan	nan
20150802	nan	nan	nan
20150803	nan	nan	nan
20150804	nan	nan	nan
20150805	nan	nan	nan
20150806	nan	nan	nan
20150807	nan	nan	nan
20150808	nan	nan	nan
20150809	nan	nan	nan
20150810	nan	nan	nan
20150811	nan	nan	nan
20150812	nan	nan	nan
20150813	10.71	1.109	88.19
20150814	10.62	1.108	88.27
20150815	3.827	1.462	94.71
20150816	1.436	0.9727	97.59
20150817	2.01	0.8281	97.16
20150818	0.7334	0.6692	98.6
20150819	0.4111	0.5542	99.03
20150820	2.72	0.4897	96.79
20150821	0.448	0.2911	99.26
20150822	0.2308	0.2433	99.53
20150823	0.2308	0.2432	99.53
20150824	0.6521	0.3625	98.99
20150825	1.959	0.3896	97.65
20150826	1.209	0.1897	98.6
20150827	1.697	0.2583	98.04
20150828	1.69	0.2584	98.05
20150829	3.358	0.3203	96.32
20150830	3.119	0.3205	96.56
20150831	2.804	0.2851	96.91
20150901	5.648	0.2481	94.1
20150902	5.329	0.2567	94.41
20150903	5.342	0.2538	94.4
20150904	5.62	0.2417	94.14
20150905	nan	nan	nan
20150906	nan	nan	nan
20150907	nan	nan	nan
20150908	nan	nan	nan
20150909	nan	nan	nan
20150910	2.062	0.866	97.07
20150911	0.5882	0.5546	98.86
20150912	0.3185	0.3821	99.3
20150913	1.997	0.5633	97.44
20150914	0.541	0.4	99.06
20150915	0.4985	0.3331	99.17
20150916	0.3528	0.2916	99.36
20150917	1.458	0.3857	98.16
20150918	2.978	1.221	95.8
20150919	2.918	1.219	95.86
20150920	3.238	1.214	95.55
20150921	1.91	0.7772	97.31
20150922	1.712	0.7478	97.54
20150923	4.003	0.8241	95.17
20150924	2.351	0.2439	97.41
20150925	4.517	0.2168	95.27
20150926	4.545	0.2182	95.24
20150927	6.583	0.3361	93.08
20150928	5.842	0.336	93.82
20150929	4.977	0.3561	94.67
20150930	7.911	8.212	83.88
20151001	7.768	8.09	84.14
20151002	10.1	8.76	81.14
20151003	10.0	8.508	81.49
20151004	12.16	18.87	68.97
20151005	10.25	60.14	29.61
20151006	10.31	60.67	29.02
20151007	10.11	58.78	31.11
20151008	9.912	56.89	33.2
20151009	9.783	55.5	34.72
20151010	9.509	52.6	37.89
20151011	9.769	65.96	24.27
20151012	18.47	60.67	20.86
20151013	18.47	60.29	21.24
20151014	19.15	59.88	20.96
20151015	19.1	59.1	21.8
20151016	22.5	56.31	21.19
20151017	27.24	46.9	25.86
20151018	26.75	43.41	29.83
20151019	24.85	33.39	41.75
20151020	25.11	33.15	41.74
20151021	nan	nan	nan
20151022	nan	nan	nan
20151023	nan	nan	nan
20151024	nan	nan	nan
20151025	nan	nan	nan
20151026	nan	nan	nan
20151027	nan	nan	nan
20151028	nan	nan	nan
20151029	nan	nan	nan
20151030	nan	nan	nan
20151031	nan	nan	nan
20151101	nan	nan	nan
20151102	nan	nan	nan
20151103	nan	nan	nan
20151104	nan	nan	nan
20151105	28.68	58.04	13.28
20151106	28.68	58.04	13.28
20151107	28.75	58.12	13.14
20151108	29.04	57.76	13.21
20151109	29.51	57.43	13.06
20151110	nan	nan	nan
20151111	nan	nan	nan
20151112	nan	nan	nan
20151113	nan	nan	nan
20151114	nan	nan	nan
20151115	nan	nan	nan
20151116	nan	nan	nan
20151117	nan	nan	nan
20151118	nan	nan	nan
20151119	nan	nan	nan
20151120	nan	nan	nan
20151121	nan	nan	nan
20151122	nan	nan	nan
20151123	nan	nan	nan
20151124	nan	nan	nan
20151125	nan	nan	nan
20151126	nan	nan	nan
20151127	nan	nan	nan
20151128	nan	nan	nan
20151129	nan	nan	nan
20151130	nan	nan	nan
20151201	nan	nan	nan
20151202	nan	nan	nan
20151203	nan	nan	nan
20151204	nan	nan	nan
20151205	nan	nan	nan
20151206	nan	nan	nan
20151207	nan	nan	nan
20151208	nan	nan	nan
20151209	nan	nan	nan
20151210	nan	nan	nan
20151211	nan	nan	nan
20151212	nan	nan	nan
20151213	nan	nan	nan
20151214	nan	nan	nan
20151215	nan	nan	nan
20151216	nan	nan	nan
20151217	nan	nan	nan
20151218	nan	nan	nan
20151219	nan	nan	nan
20151220	nan	nan	nan
20151221	nan	nan	nan
20151222	nan	nan	nan
20151223	nan	nan	nan
20151224	nan	nan	nan
20151225	nan	nan	nan
20151226	nan	nan	nan
20151227	nan	nan	nan
20151228	nan	nan	nan
20151229	nan	nan	nan
20151230	nan	nan	nan
20151231	nan	nan	nan
20160101	nan	nan	nan
20160102	nan	nan	nan
20160103	nan	nan	nan
20160104	nan	nan	nan
20160105	nan	nan	nan
20160106	nan	nan	nan
20160107	nan	nan	nan
20160108	nan	nan	nan
20160109	nan	nan	nan
20160110	nan	nan	nan
20160111	nan	nan	nan
20160112	nan	nan	nan
20160113	nan	nan	nan
20160114	nan	nan	nan
20160115	nan	nan	nan
20160116	nan	nan	nan
20160117	nan	nan	nan
20160118	nan	nan	nan
20160119	nan	nan	nan
20160120	nan	nan	nan
20160121	nan	nan	nan
20160122	nan	nan	nan
20160123	nan	nan	nan
20160124	nan	nan	nan
20160125	nan	nan	nan
20160126	nan	nan	nan
20160127	nan	nan	nan
20160128	nan	nan	nan
20160129	nan	nan	nan
20160130	nan	nan	nan
20160131	nan	nan	nan
20160201	nan	nan	nan
20160202	nan	nan	nan
20160203	nan	nan	nan
20160204	nan	nan	nan
20160205	nan	nan	nan
20160206	nan	nan	nan
20160207	nan	nan	nan
20160208	nan	nan	nan
20160209	nan	nan	nan
20160210	nan	nan	nan
20160211	nan	nan	nan
20160212	nan	nan	nan
20160213	nan	nan	nan
20160214	nan	nan	nan
20160215	nan	nan	nan
20160216	nan	nan	nan
20160217	nan	nan	nan
20160218	nan	nan	nan
20160219	nan	nan	nan
20160220	nan	nan	nan
20160221	nan	nan	nan
20160222	nan	nan	nan
20160223	nan	nan	nan
20160224	nan	nan	nan
20160225	nan	nan	nan
20160226	0.02533	99.72	0.2563
20160227	0.02533	99.72	0.2563
20160228	0.1224	99.68	0.1945
20160229	0.1224	99.68	0.1945
20160301	1.158	98.8	0.04244
20160302	1.158	98.8	0.04244
20160303	1.165	98.79	0.04244
20160304	1.158	98.76	0.08431
20160305	1.158	98.74	0.09845
20160306	1.158	98.74	0.09845
20160307	1.158	98.74	0.09846
20160308	1.185	98.71	0.1007
20160309	0.3476	98.96	0.6881
20160310	0.3454	98.92	0.7321
20160311	0.6216	98.77	0.6096
20160312	0.6211	98.77	0.6125
20160313	0.6211	98.77	0.6125
20160314	0.6211	98.77	0.6125
20160315	21.4	78.26	0.3414
20160316	28.48	71.39	0.134
20160317	28.54	71.32	0.1344
20160318	28.53	71.32	0.1453
20160319	28.62	71.23	0.1441
20160320	30.49	69.37	0.1405
20160321	8.572	91.42	0.01198
20160322	8.754	91.23	0.01225
20160323	8.825	91.16	0.01225
20160324	8.825	91.14	0.03614
20160325	8.268	91.71	0.02515
20160326	7.981	91.99	0.02474
20160327	8.006	91.97	0.02498
20160328	7.321	92.48	0.1941
20160329	7.266	92.54	0.1943
20160330	7.244	92.44	0.3193
20160331	7.219	92.38	0.3996
20160401	nan	nan	nan
20160402	1.546	98.28	0.1737
20160403	1.546	98.28	0.1737
20160404	1.345	98.46	0.1936
20160405	1.345	98.43	0.224
20160406	1.612	98.16	0.224
20160407	1.612	98.16	0.224
20160408	2.147	97.65	0.2051
20160409	2.256	97.54	0.2051
20160410	2.256	97.54	0.2051
20160411	2.256	97.54	0.2051
20160412	2.256	97.54	0.2051
20160413	2.307	97.49	0.2005
20160414	2.422	97.38	0.2023
20160415	nan	nan	nan
20160416	nan	nan	nan
20160417	nan	nan	nan
20160418	1.508	98.46	0.03262
20160419	1.502	98.46	0.03777
20160420	3.981	95.98	0.03772
20160421	0.376	99.56	0.06625
20160422	0.376	99.56	0.06625
20160423	0.376	99.56	0.06625
20160424	0.3727	99.55	0.07306
20160425	0.3713	99.46	0.1642
20160426	0.5525	99.29	0.1574
20160427	0.5513	99.29	0.1574
20160428	55.31	44.46	0.2272
20160429	54.96	44.42	0.6257
20160430	75.68	23.83	0.4911
20160501	75.46	23.71	0.824
20160502	68.86	30.26	0.8805
20160503	66.36	32.88	0.7596
20160504	66.36	32.85	0.7879
20160505	66.36	32.85	0.7879
20160506	66.33	32.78	0.8966
20160507	66.31	32.78	0.9108
20160508	72.43	26.7	0.8756
20160509	72.42	26.64	0.9308
20160510	73.14	25.73	1.136
20160511	73.28	25.61	1.116
20160512	73.24	25.72	1.044
20160513	75.0	23.57	1.43
20160514	66.5	31.33	2.168
20160515	66.66	31.27	2.078
20160516	66.65	31.26	2.082
20160517	67.12	30.47	2.405
20160518	66.88	29.88	3.241
20160519	nan	nan	nan
20160520	50.01	43.34	6.649
20160521	50.09	43.23	6.684
20160522	59.19	32.39	8.417
20160523	59.46	32.02	8.519
20160524	57.58	30.65	11.76
20160525	58.86	28.73	12.41
20160526	45.35	33.88	20.77
20160527	44.33	26.04	29.63
20160528	44.32	25.78	29.9
20160529	40.04	23.6	36.36
20160530	35.81	19.31	44.87
20160531	31.43	22.52	46.05
20160601	34.08	20.1	45.82
20160602	30.58	18.6	50.82
20160603	40.24	14.58	45.18
20160604	40.18	14.5	45.33
20160605	43.9	12.87	43.23
20160606	43.79	11.87	44.34
20160607	44.47	10.75	44.78
20160608	45.53	10.48	43.99
20160609	46.43	8.749	44.82
20160610	44.12	9.009	46.87
20160611	42.27	8.263	49.46
20160612	44.31	7.928	47.76
20160613	nan	nan	nan
20160614	nan	nan	nan
20160615	nan	nan	nan
20160616	nan	nan	nan
20160617	nan	nan	nan
20160618	nan	nan	nan
20160619	nan	nan	nan
20160620	nan	nan	nan
20160621	nan	nan	nan
20160622	nan	nan	nan
20160623	nan	nan	nan
20160624	nan	nan	nan
20160625	nan	nan	nan
20160626	nan	nan	nan
20160627	nan	nan	nan
20160628	nan	nan	nan
20160629	nan	nan	nan
20160630	nan	nan	nan
20160701	nan	nan	nan
20160702	nan	nan	nan
20160703	10.22	0.9416	88.83
20160704	8.717	1.286	90.0
20160705	8.703	1.286	90.01
20160706	11.74	1.248	87.01
20160707	13.02	1.15	85.83
20160708	11.07	1.092	87.83
20160709	12.44	0.975	86.58
20160710	nan	nan	nan
20160711	nan	nan	nan
20160712	6.691	0.5144	92.8
20160713	4.64	0.4982	94.86
20160714	7.544	1.161	91.29
20160715	7.767	0.5594	91.67
20160716	7.708	0.6227	91.67
20160717	7.406	0.6206	91.97
20160718	9.559	0.5993	89.84
20160719	9.907	0.614	89.48
20160720	8.325	0.4716	91.2
20160721	4.416	0.2405	95.34
20160722	0.3185	0.1192	99.56
20160723	1.271	0.3075	98.42
20160724	1.26	0.2935	98.45
20160725	1.876	0.2005	97.92
20160726	3.123	0.2799	96.6
20160727	3.123	0.2799	96.6
20160728	3.104	0.34	96.56
20160729	2.671	0.3195	97.01
20160730	1.946	0.3396	97.71
20160731	3.375	0.2983	96.33
20160801	3.372	0.2846	96.34
20160802	5.27	0.2225	94.51
20160803	5.496	0.2373	94.27
20160804	3.652	0.9226	95.43
20160805	1.988	0.7041	97.31
20160806	2.816	0.738	96.45
20160807	5.241	0.6777	94.08
20160808	5.231	0.6778	94.09
20160809	5.247	0.7761	93.98
20160810	3.561	0.3056	96.13
20160811	5.684	0.3003	94.02
20160812	6.454	0.2857	93.26
20160813	4.358	0.2433	95.4
20160814	6.634	0.186	93.18
20160815	4.059	0.1446	95.8
20160816	1.779	0.2798	97.94
20160817	0.3276	0.08815	99.58
20160818	0.2692	0.1814	99.55
20160819	1.58	0.1989	98.22
20160820	0.7669	0.115	99.12
20160821	0.9923	0.2532	98.75
20160822	0.1007	0.003393	99.9
20160823	2.48	0.2539	97.27
20160824	2.628	0.3301	97.04
20160825	2.623	0.3301	97.05
20160826	5.908	0.2634	93.83
20160827	5.72	0.2635	94.02
20160828	10.61	0.2777	89.11
20160829	10.57	0.2777	89.15
20160830	10.6	0.3637	89.04
20160831	11.07	0.3348	88.6
20160901	11.07	0.3351	88.59
20160902	11.13	0.4281	88.44
20160903	7.255	0.2313	92.51
20160904	nan	nan	nan
20160905	nan	nan	nan
20160906	nan	nan	nan
20160907	nan	nan	nan
20160908	nan	nan	nan
20160909	nan	nan	nan
20160910	nan	nan	nan
20160911	nan	nan	nan
20160912	nan	nan	nan
20160913	3.354	0.9538	95.69
20160914	3.452	1.047	95.5
20160915	3.141	0.9905	95.87
20160916	1.382	0.3162	98.3
20160917	1.611	0.3824	98.01
20160918	1.436	0.3587	98.21
20160919	2.788	2.089	95.12
20160920	2.681	1.982	95.34
20160921	2.556	1.418	96.03
20160922	0.3922	0.2235	99.38
20160923	0.9881	0.262	98.75
20160924	3.402	0.2779	96.32
20160925	3.402	0.2779	96.32
20160926	2.948	0.3587	96.69
20160927	7.767	0.4907	91.74
20160928	nan	nan	nan
20160929	nan	nan	nan
20160930	nan	nan	nan
20161001	nan	nan	nan
20161002	16.68	3.668	79.65
20161003	17.5	14.28	68.21
20161004	14.86	40.42	44.72
20161005	20.67	33.45	45.88
20161006	21.06	33.16	45.78
20161007	18.01	21.66	60.33
20161008	10.79	11.74	77.47
20161009	13.02	4.535	82.44
20161010	4.48	3.909	91.61
20161011	8.921	3.681	87.4
20161012	13.04	3.09	83.87
20161013	13.52	3.04	83.44
20161014	13.46	2.745	83.8
20161015	6.086	2.744	91.17
20161016	19.54	3.072	77.39
20161017	17.06	4.301	78.64
20161018	9.274	8.707	82.02
20161019	13.16	10.08	76.75
20161020	4.416	5.482	90.1
20161021	13.6	11.89	74.51
20161022	6.869	9.073	84.06
20161023	14.32	14.18	71.49
20161024	24.74	13.78	61.48
20161025	24.04	14.56	61.39
20161026	18.29	14.16	67.55
20161027	15.68	16.23	68.09
20161028	24.09	27.74	48.17
20161029	28.35	36.14	35.51
20161030	24.39	44.83	30.77
20161031	35.4	50.51	14.09
20161101	29.68	54.68	15.65
20161102	29.73	54.76	15.51
20161103	24.41	62.84	12.75
20161104	20.33	69.85	9.821
20161105	19.56	67.77	12.67
20161106	27.61	62.69	9.709
20161107	27.6	62.57	9.833
20161108	33.4	58.86	7.737
20161109	33.68	58.76	7.564
20161110	39.48	54.27	6.25
20161111	42.06	51.93	6.017
20161112	nan	nan	nan
20161113	nan	nan	nan
20161114	nan	nan	nan
20161115	nan	nan	nan
20161116	nan	nan	nan
20161117	nan	nan	nan
20161118	nan	nan	nan
20161119	nan	nan	nan
20161120	nan	nan	nan
20161121	nan	nan	nan
20161122	nan	nan	nan
20161123	nan	nan	nan
20161124	nan	nan	nan
20161125	nan	nan	nan
20161126	nan	nan	nan
20161127	nan	nan	nan
20161128	nan	nan	nan
20161129	nan	nan	nan
20161130	nan	nan	nan
20161201	nan	nan	nan
20161202	nan	nan	nan
20161203	nan	nan	nan
20161204	nan	nan	nan
20161205	nan	nan	nan
20161206	nan	nan	nan
20161207	nan	nan	nan
20161208	nan	nan	nan
20161209	nan	nan	nan
20161210	nan	nan	nan
20161211	nan	nan	nan
20161212	nan	nan	nan
20161213	nan	nan	nan
20161214	nan	nan	nan
20161215	nan	nan	nan
20161216	nan	nan	nan
20161217	nan	nan	nan
20161218	nan	nan	nan
20161219	nan	nan	nan
20161220	nan	nan	nan
20161221	nan	nan	nan
20161222	nan	nan	nan
20161223	nan	nan	nan
20161224	nan	nan	nan
20161225	nan	nan	nan
20161226	nan	nan	nan
20161227	nan	nan	nan
20161228	nan	nan	nan
20161229	nan	nan	nan
20161230	nan	nan	nan
20161231	nan	nan	nan
20170101	nan	nan	nan
20170102	nan	nan	nan
20170103	nan	nan	nan
20170104	nan	nan	nan
20170105	nan	nan	nan
20170106	nan	nan	nan
20170107	nan	nan	nan
20170108	nan	nan	nan
20170109	nan	nan	nan
20170110	nan	nan	nan
20170111	nan	nan	nan
20170112	nan	nan	nan
20170113	nan	nan	nan
20170114	nan	nan	nan
20170115	nan	nan	nan
20170116	nan	nan	nan
20170117	nan	nan	nan
20170118	nan	nan	nan
20170119	nan	nan	nan
20170120	nan	nan	nan
20170121	nan	nan	nan
20170122	nan	nan	nan
20170123	nan	nan	nan
20170124	nan	nan	nan
20170125	nan	nan	nan
20170126	nan	nan	nan
20170127	nan	nan	nan
20170128	nan	nan	nan
20170129	nan	nan	nan
20170130	nan	nan	nan
20170131	nan	nan	nan
20170201	nan	nan	nan
20170202	nan	nan	nan
20170203	nan	nan	nan
20170204	nan	nan	nan
20170205	nan	nan	nan
20170206	nan	nan	nan
20170207	2.677	96.96	0.3652
20170208	2.459	97.0	0.5449
20170209	2.305	97.47	0.2274
20170210	2.304	97.47	0.228
20170211	1.718	98.07	0.2157
20170212	8.423	91.36	0.2144
20170213	47.52	52.38	0.1087
20170214	48.28	51.41	0.3135
20170215	48.23	51.47	0.3018
20170216	48.4	51.3	0.3029
20170217	46.99	52.75	0.265
20170218	nan	nan	nan
20170219	nan	nan	nan
20170220	nan	nan	nan
20170221	nan	nan	nan
20170222	nan	nan	nan
20170223	nan	nan	nan
20170224	nan	nan	nan
20170225	nan	nan	nan
20170226	nan	nan	nan
20170227	0.03664	99.65	0.3135
20170228	0.04086	99.61	0.347
20170301	0.03101	99.64	0.3294
20170302	0.03421	99.77	0.1913
20170303	0.01496	99.67	0.3125
20170304	0.02826	99.64	0.3316
20170305	0.01327	99.71	0.2729
20170306	0.0	99.87	0.134
20170307	0.02466	99.86	0.1193
20170308	0.01374	99.92	0.07097
20170309	0.0487	99.89	0.05672
20170310	0.05234	99.61	0.333
20170311	0.01564	99.69	0.292
20170312	0.05295	99.67	0.2793
20170313	0.05495	99.7	0.2446
20170314	nan	nan	nan
20170315	nan	nan	nan
20170316	nan	nan	nan
20170317	nan	nan	nan
20170318	nan	nan	nan
20170319	nan	nan	nan
20170320	nan	nan	nan
20170321	nan	nan	nan
20170322	nan	nan	nan
20170323	nan	nan	nan
20170324	nan	nan	nan
20170325	nan	nan	nan
20170326	nan	nan	nan
20170327	nan	nan	nan
20170328	nan	nan	nan
20170329	nan	nan	nan
20170330	nan	nan	nan
20170331	nan	nan	nan
20170401	nan	nan	nan
20170402	nan	nan	nan
20170403	nan	nan	nan
20170404	nan	nan	nan
20170405	nan	nan	nan
20170406	nan	nan	nan
20170407	nan	nan	nan
20170408	9.711	90.27	0.02044
20170409	11.22	88.76	0.02086
20170410	11.5	88.48	0.02084
20170411	10.6	89.37	0.02106
20170412	nan	nan	nan
20170413	3.251	96.75	0.0
20170414	2.511	97.49	0.0
20170415	nan	nan	nan
20170416	nan	nan	nan
20170417	nan	nan	nan
20170418	nan	nan	nan
20170419	nan	nan	nan
20170420	nan	nan	nan
20170421	nan	nan	nan
20170422	nan	nan	nan
20170423	nan	nan	nan
20170424	nan	nan	nan
20170425	nan	nan	nan
20170426	3.836	96.16	0.0
20170427	2.604	97.4	0.0
20170428	0.3069	99.69	0.0
20170429	0.4996	99.5	0.0
20170430	0.6059	99.39	0.0
20170501	0.7443	99.26	0.0
20170502	0.9461	99.05	0.0
20170503	2.404	97.6	0.0
20170504	2.514	97.49	0.0
20170505	70.03	29.97	0.0
20170506	78.42	21.58	0.0
20170507	76.91	23.09	0.0
20170508	75.16	24.84	0.0
20170509	58.6	41.4	0.0
20170510	nan	nan	nan
20170511	38.7	61.3	0.000601
20170512	nan	nan	nan
20170513	20.11	79.88	0.01307
20170514	14.74	85.23	0.0258
20170515	24.6	75.32	0.08195
20170516	14.43	85.52	0.05369
20170517	23.34	76.61	0.04691
20170518	38.64	61.3	0.0633
20170519	80.25	19.7	0.04917
20170520	84.62	15.34	0.03504
20170521	87.68	12.29	0.03278
20170522	86.9	13.05	0.04693
20170523	84.2	15.6	0.1911
20170524	82.41	17.4	0.1883
20170525	80.79	18.97	0.242
20170526	80.21	19.54	0.2475
20170527	74.75	24.79	0.4576
20170528	79.6	20.03	0.3693
20170529	77.75	21.99	0.2616
20170530	79.75	20.05	0.2016
20170531	80.02	19.78	0.2023
20170601	81.3	18.52	0.1808
20170602	76.09	23.74	0.1642
20170603	47.34	52.31	0.3455
20170604	58.65	41.04	0.306
20170605	59.28	40.42	0.3009
20170606	76.91	22.78	0.3002
20170607	66.6	32.87	0.5276
20170608	67.57	29.47	2.961
20170609	68.68	24.54	6.775
20170610	63.95	22.85	13.19
20170611	61.0	24.31	14.69
20170612	52.68	30.56	16.76
20170613	57.69	23.34	18.98
20170614	60.06	19.18	20.76
20170615	60.72	17.96	21.31
20170616	61.3	16.69	22.01
20170617	58.02	17.33	24.65
20170618	60.81	14.63	24.56
20170619	nan	nan	nan
20170620	nan	nan	nan
20170621	nan	nan	nan
20170622	nan	nan	nan
20170623	nan	nan	nan
20170624	nan	nan	nan
20170625	nan	nan	nan
20170626	nan	nan	nan
20170627	nan	nan	nan
20170628	nan	nan	nan
20170629	nan	nan	nan
20170630	nan	nan	nan
20170701	nan	nan	nan
20170702	nan	nan	nan
20170703	nan	nan	nan
20170704	nan	nan	nan
20170705	nan	nan	nan
20170706	nan	nan	nan
20170707	nan	nan	nan
20170708	nan	nan	nan
20170709	nan	nan	nan
20170710	nan	nan	nan
20170711	nan	nan	nan
20170712	nan	nan	nan
20170713	nan	nan	nan
20170714	nan	nan	nan
20170715	nan	nan	nan
20170716	nan	nan	nan
20170717	nan	nan	nan
20170718	nan	nan	nan
20170719	nan	nan	nan
20170720	nan	nan	nan
20170721	nan	nan	nan
20170722	nan	nan	nan
20170723	nan	nan	nan
20170724	20.18	0.8866	78.94
20170725	10.68	0.7632	88.56
20170726	12.76	0.5493	86.69
20170727	14.1	0.3415	85.56
20170728	12.09	0.2552	87.65
20170729	8.492	0.2273	91.28
20170730	11.64	0.3616	88.0
20170731	15.25	0.2616	84.49
20170801	16.49	0.2482	83.26
20170802	16.5	0.2836	83.21
20170803	17.26	0.2236	82.52
20170804	nan	nan	nan
20170805	nan	nan	nan
20170806	nan	nan	nan
20170807	nan	nan	nan
20170808	13.86	2.107	84.03
20170809	13.96	2.11	83.93
20170810	nan	nan	nan
20170811	11.82	2.452	85.73
20170812	nan	nan	nan
20170813	nan	nan	nan
20170814	nan	nan	nan
20170815	nan	nan	nan
20170816	nan	nan	nan
20170817	nan	nan	nan
20170818	nan	nan	nan
20170819	nan	nan	nan
20170820	nan	nan	nan
20170821	nan	nan	nan
20170822	nan	nan	nan
20170823	nan	nan	nan
20170824	nan	nan	nan
20170825	nan	nan	nan
20170826	nan	nan	nan
20170827	nan	nan	nan
20170828	nan	nan	nan
20170829	nan	nan	nan
20170830	nan	nan	nan
20170831	nan	nan	nan
20170901	nan	nan	nan
20170902	nan	nan	nan
20170903	nan	nan	nan
20170904	4.787	0.5208	94.69
20170905	5.897	0.3301	93.77
20170906	7.428	0.2836	92.29
20170907	4.206	0.3423	95.45
20170908	7.112	0.2364	92.65
20170909	6.92	0.2364	92.84
20170910	11.2	0.3435	88.46
20170911	11.07	1.186	87.74
20170912	13.1	5.206	81.69
20170913	13.51	5.165	81.33
20170914	nan	nan	nan
20170915	nan	nan	nan
20170916	nan	nan	nan
20170917	nan	nan	nan
20170918	nan	nan	nan
20170919	nan	nan	nan
20170920	nan	nan	nan
20170921	nan	nan	nan
20170922	nan	nan	nan
20170923	nan	nan	nan
20170924	7.899	0.4836	91.62
20170925	9.898	0.2733	89.83
20170926	6.344	0.3147	93.34
20170927	1.876	0.5203	97.6
20170928	1.825	0.7574	97.42
20170929	2.998	0.4496	96.55
20170930	3.228	0.4813	96.29
20171001	2.338	0.5226	97.14
20171002	4.263	0.4092	95.33
20171003	4.27	0.6565	95.07
20171004	11.8	0.6641	87.54
20171005	11.43	0.6354	87.94
20171006	14.79	0.596	84.61
20171007	17.11	1.49	81.41
20171008	nan	nan	nan
20171009	nan	nan	nan
20171010	nan	nan	nan
20171011	16.3	12.81	70.88
20171012	17.23	20.4	62.37
20171013	8.332	29.57	62.09
20171014	14.14	33.57	52.29
20171015	12.2	39.65	48.14
20171016	26.47	33.36	40.17
20171017	19.98	59.23	20.79
20171018	29.32	54.09	16.59
20171019	33.91	54.46	11.62
20171020	18.45	79.45	2.103
20171021	18.75	79.38	1.865
20171022	8.339	90.2	1.462
20171023	24.01	75.32	0.6684
20171024	20.15	78.94	0.9017
20171025	18.44	80.7	0.8535
20171026	21.83	76.93	1.247
20171027	21.82	76.98	1.199
20171028	29.79	68.89	1.324
20171029	22.09	76.06	1.848
20171030	16.29	82.41	1.302
20171031	11.14	87.31	1.553
20171101	11.06	87.39	1.55
20171102	10.72	85.95	3.325
20171103	13.23	84.64	2.129
20171104	27.23	68.71	4.06
20171105	23.46	73.23	3.308
20171106	13.01	84.24	2.75
20171107	15.04	82.17	2.788
20171108	16.64	80.59	2.771
20171109	nan	nan	nan
20171110	nan	nan	nan
20171111	nan	nan	nan
20171112	nan	nan	nan
20171113	nan	nan	nan
20171114	nan	nan	nan
20171115	nan	nan	nan
20171116	nan	nan	nan
20171117	nan	nan	nan
20171118	nan	nan	nan
20171119	nan	nan	nan
20171120	nan	nan	nan
20171121	nan	nan	nan
20171122	nan	nan	nan
20171123	nan	nan	nan
20171124	nan	nan	nan
20171125	nan	nan	nan
20171126	nan	nan	nan
20171127	nan	nan	nan
20171128	nan	nan	nan
20171129	nan	nan	nan
20171130	nan	nan	nan
20171201	nan	nan	nan
20171202	nan	nan	nan
20171203	nan	nan	nan
20171204	nan	nan	nan
20171205	nan	nan	nan
20171206	nan	nan	nan
20171207	nan	nan	nan
20171208	nan	nan	nan
20171209	nan	nan	nan
20171210	nan	nan	nan
20171211	nan	nan	nan
20171212	nan	nan	nan
20171213	nan	nan	nan
20171214	nan	nan	nan
20171215	nan	nan	nan
20171216	nan	nan	nan
20171217	nan	nan	nan
20171218	nan	nan	nan
20171219	nan	nan	nan
20171220	nan	nan	nan
20171221	nan	nan	nan
20171222	nan	nan	nan
20171223	nan	nan	nan
20171224	nan	nan	nan
20171225	nan	nan	nan
20171226	nan	nan	nan
20171227	nan	nan	nan
20171228	nan	nan	nan
20171229	nan	nan	nan
20171230	nan	nan	nan
20171231	nan	nan	nan
20180101	nan	nan	nan
20180102	nan	nan	nan
20180103	nan	nan	nan
20180104	nan	nan	nan
20180105	nan	nan	nan
20180106	nan	nan	nan
20180107	nan	nan	nan
20180108	nan	nan	nan
20180109	nan	nan	nan
20180110	nan	nan	nan
20180111	nan	nan	nan
20180112	nan	nan	nan
20180113	nan	nan	nan
20180114	nan	nan	nan
20180115	nan	nan	nan
20180116	nan	nan	nan
20180117	nan	nan	nan
20180118	nan	nan	nan
20180119	nan	nan	nan
20180120	nan	nan	nan
20180121	nan	nan	nan
20180122	nan	nan	nan
20180123	nan	nan	nan
20180124	nan	nan	nan
20180125	nan	nan	nan
20180126	nan	nan	nan
20180127	nan	nan	nan
20180128	nan	nan	nan
20180129	nan	nan	nan
20180130	nan	nan	nan
20180131	nan	nan	nan
20180201	nan	nan	nan
20180202	nan	nan	nan
20180203	nan	nan	nan
20180204	nan	nan	nan
20180205	nan	nan	nan
20180206	nan	nan	nan
20180207	nan	nan	nan
20180208	nan	nan	nan
20180209	nan	nan	nan
20180210	nan	nan	nan
20180211	0.8862	97.65	1.467
20180212	0.838	96.91	2.247
20180213	2.181	96.33	1.493
20180214	0.8566	95.36	3.782
20180215	2.212	94.18	3.603
20180216	5.448	93.97	0.5864
20180217	0.4153	99.4	0.1822
20180218	0.4675	99.42	0.1145
20180219	0.9578	97.39	1.656
20180220	6.398	93.33	0.2706
20180221	1.969	97.97	0.05663
20180222	0.09899	99.81	0.09107
20180223	1.911	97.98	0.1055
20180224	1.855	98.04	0.1057
20180225	5.808	94.12	0.07227
20180226	4.719	94.84	0.4434
20180227	4.904	94.8	0.2968
20180228	7.051	92.67	0.284
20180301	7.066	92.66	0.278
20180302	7.133	92.59	0.2819
20180303	7.254	92.44	0.3108
20180304	nan	nan	nan
20180305	nan	nan	nan
20180306	nan	nan	nan
20180307	nan	nan	nan
20180308	nan	nan	nan
20180309	nan	nan	nan
20180310	nan	nan	nan
20180311	5.701	94.3	0.0
20180312	6.107	93.86	0.03004
20180313	5.09	94.91	0.0
20180314	5.002	95.0	0.0
20180315	1.234	98.77	0.0
20180316	7.815	92.18	0.0
20180317	8.346	91.65	0.0
20180318	7.331	92.61	0.05668
20180319	6.318	93.63	0.05665
20180320	6.043	93.9	0.05665
20180321	5.076	94.79	0.1393
20180322	4.048	95.81	0.1402
20180323	2.453	97.55	0.0
20180324	5.21	94.79	0.0
20180325	5.169	94.83	0.0
20180326	5.26	94.74	0.0
20180327	4.033	95.83	0.1405
20180328	5.429	94.44	0.132
20180329	4.409	95.33	0.2618
20180330	nan	nan	nan
20180331	nan	nan	nan
20180401	nan	nan	nan
20180402	nan	nan	nan
20180403	0.6508	99.35	0.0
20180404	1.361	98.64	0.0
20180405	3.528	96.47	0.0
20180406	3.526	96.47	0.0
20180407	3.495	96.5	0.0
20180408	0.7891	99.21	0.0
20180409	1.53	98.47	0.0
20180410	nan	nan	nan
20180411	nan	nan	nan
20180412	0.2944	99.71	0.0
20180413	2.113	97.89	0.0
20180414	11.59	88.41	0.0
20180415	12.57	87.43	0.0
20180416	30.86	69.14	0.0
20180417	21.7	78.3	0.0
20180418	9.349	90.62	0.03561
20180419	17.71	82.26	0.03561
20180420	64.96	35.01	0.02487
20180421	79.73	20.26	0.01356
20180422	80.35	19.64	0.005652
20180423	73.61	26.39	0.002261
20180424	76.63	23.37	0.0005652
20180425	nan	nan	nan
20180426	nan	nan	nan
20180427	nan	nan	nan
20180428	nan	nan	nan
20180429	nan	nan	nan
20180430	nan	nan	nan
20180501	nan	nan	nan
20180502	nan	nan	nan
20180503	nan	nan	nan
20180504	78.19	21.51	0.3009
20180505	74.32	25.39	0.2927
20180506	82.34	17.4	0.2615
20180507	82.6	17.14	0.2609
20180508	69.51	30.1	0.3928
20180509	60.44	38.89	0.675
20180510	65.53	33.27	1.205
20180511	65.31	33.03	1.656
20180512	63.29	34.8	1.905
20180513	61.38	35.46	3.16
20180514	42.77	50.48	6.754
20180515	46.73	45.24	8.031
20180516	48.06	35.82	16.13
20180517	37.45	39.25	23.3
20180518	46.53	28.11	25.36
20180519	46.5	27.19	26.31
20180520	49.1	24.4	26.51
20180521	nan	nan	nan
20180522	nan	nan	nan
20180523	nan	nan	nan
20180524	nan	nan	nan
20180525	nan	nan	nan
20180526	nan	nan	nan
20180527	nan	nan	nan
20180528	nan	nan	nan
20180529	nan	nan	nan
20180530	nan	nan	nan
20180531	nan	nan	nan
20180601	nan	nan	nan
20180602	nan	nan	nan
20180603	nan	nan	nan
20180604	nan	nan	nan
20180605	nan	nan	nan
20180606	nan	nan	nan
20180607	nan	nan	nan
20180608	nan	nan	nan
20180609	nan	nan	nan
20180610	nan	nan	nan
20180611	nan	nan	nan
20180612	nan	nan	nan
20180613	nan	nan	nan
20180614	nan	nan	nan
20180615	nan	nan	nan
20180616	nan	nan	nan
20180617	28.41	3.72	67.87
20180618	27.95	3.72	68.33
20180619	28.28	3.766	67.96
20180620	nan	nan	nan
20180621	nan	nan	nan
20180622	nan	nan	nan
20180623	nan	nan	nan
20180624	nan	nan	nan
20180625	nan	nan	nan
20180626	nan	nan	nan
20180627	nan	nan	nan
20180628	nan	nan	nan
20180629	nan	nan	nan
20180630	nan	nan	nan
20180701	12.49	3.892	83.62
20180702	9.926	1.857	88.22
20180703	11.51	1.579	86.91
20180704	12.49	1.469	86.04
20180705	13.2	1.106	85.7
20180706	13.05	1.194	85.75
20180707	13.08	1.2	85.72
20180708	10.57	0.777	88.66
20180709	nan	nan	nan
20180710	9.037	0.4649	90.5
20180711	4.842	0.3925	94.77
20180712	3.612	0.4008	95.99
20180713	2.642	0.3031	97.06
20180714	3.884	0.1793	95.94
20180715	5.17	0.2952	94.53
20180716	3.767	0.3209	95.91
20180717	2.981	0.2168	96.8
20180718	1.569	0.1678	98.26
20180719	3.541	0.2634	96.2
20180720	2.973	0.21	96.82
20180721	3.516	0.4318	96.05
20180722	5.482	0.2488	94.27
20180723	5.786	0.2757	93.94
20180724	5.909	0.2471	93.84
20180725	6.023	0.3241	93.65
20180726	4.674	0.2467	95.08
20180727	4.012	0.2437	95.74
20180728	1.004	0.2594	98.74
20180729	1.55	0.2372	98.21
20180730	1.49	0.2188	98.29
20180731	1.003	0.2689	98.73
20180801	0.5661	0.0629	99.37
20180802	2.071	0.08679	97.84
20180803	4.598	0.1907	95.21
20180804	4.117	0.1873	95.7
20180805	4.118	0.1793	95.7
20180806	4.249	0.2684	95.48
20180807	5.516	0.1799	94.3
20180808	7.353	0.2061	92.44
20180809	nan	nan	nan
20180810	nan	nan	nan
20180811	nan	nan	nan
20180812	nan	nan	nan
20180813	nan	nan	nan
20180814	nan	nan	nan
20180815	nan	nan	nan
20180816	nan	nan	nan
20180817	nan	nan	nan
20180818	nan	nan	nan
20180819	nan	nan	nan
20180820	nan	nan	nan
20180821	7.384	0.4414	92.17
20180822	7.015	0.7672	92.22
20180823	5.987	0.8744	93.14
20180824	7.347	0.9609	91.69
20180825	7.568	1.054	91.38
20180826	6.001	0.7015	93.3
20180827	7.88	0.5965	91.52
20180828	2.69	0.5267	96.78
20180829	2.861	0.4014	96.74
20180830	5.151	0.434	94.42
20180831	5.704	0.2033	94.09
20180901	6.732	0.2761	92.99
20180902	7.121	0.3284	92.55
20180903	7.376	3.937	88.69
20180904	5.246	3.555	91.2
20180905	3.773	0.2958	95.93
20180906	1.301	0.09166	98.61
20180907	2.91	0.3512	96.74
20180908	4.967	0.2091	94.82
20180909	2.044	0.2712	97.68
20180910	0.81	0.09587	99.09
20180911	2.242	1.733	96.02
20180912	5.881	1.203	92.92
20180913	8.227	1.101	90.67
20180914	8.387	2.08	89.53
20180915	10.22	1.922	87.86
20180916	nan	nan	nan
20180917	11.76	2.86	85.38
20180918	nan	nan	nan
20180919	nan	nan	nan
20180920	nan	nan	nan
20180921	10.14	7.765	82.09
20180922	5.844	4.085	90.07
20180923	10.21	4.074	85.71
20180924	15.26	3.869	80.87
20180925	nan	nan	nan
20180926	nan	nan	nan
20180927	nan	nan	nan
20180928	nan	nan	nan
20180929	nan	nan	nan
20180930	nan	nan	nan
20181001	nan	nan	nan
20181002	nan	nan	nan
20181003	nan	nan	nan
20181004	nan	nan	nan
20181005	nan	nan	nan
20181006	nan	nan	nan
20181007	nan	nan	nan
20181008	nan	nan	nan
20181009	nan	nan	nan
20181010	nan	nan	nan
20181011	nan	nan	nan
20181012	44.74	50.69	4.574
20181013	53.49	42.16	4.357
20181014	55.97	39.25	4.778
20181015	43.66	43.83	12.51
20181016	40.97	31.62	27.42
20181017	37.51	28.16	34.34
20181018	35.23	27.25	37.53
20181019	33.0	33.65	33.36
20181020	30.55	39.8	29.66
20181021	30.7	46.32	22.98
20181022	30.17	45.42	24.41
20181023	34.34	45.71	19.95
20181024	10.27	73.83	15.9
20181025	28.9	60.19	10.91
20181026	35.78	55.76	8.463
20181027	20.5	73.15	6.351
20181028	27.28	66.27	6.445
20181029	14.91	80.95	4.144
20181030	40.74	57.89	1.373
20181031	43.03	55.62	1.351
20181101	33.82	64.17	2.003
20181102	40.94	57.31	1.748
20181103	35.75	61.75	2.498
20181104	59.42	38.88	1.698
20181105	52.63	45.61	1.766
20181106	45.66	52.1	2.24
20181107	47.64	47.88	4.482
20181108	49.13	46.43	4.438
20181109	49.41	46.17	4.416
20181110	nan	nan	nan
20181111	nan	nan	nan
20181112	nan	nan	nan
20181113	nan	nan	nan
20181114	nan	nan	nan
20181115	nan	nan	nan
20181116	nan	nan	nan
20181117	nan	nan	nan
20181118	nan	nan	nan
20181119	nan	nan	nan
20181120	nan	nan	nan
20181121	nan	nan	nan
20181122	nan	nan	nan
20181123	nan	nan	nan
20181124	nan	nan	nan
20181125	nan	nan	nan
20181126	nan	nan	nan
20181127	nan	nan	nan
20181128	nan	nan	nan
20181129	nan	nan	nan
20181130	nan	nan	nan
20181201	nan	nan	nan
20181202	nan	nan	nan
20181203	nan	nan	nan
20181204	nan	nan	nan
20181205	nan	nan	nan
20181206	nan	nan	nan
20181207	nan	nan	nan
20181208	nan	nan	nan
20181209	nan	nan	nan
20181210	nan	nan	nan
20181211	nan	nan	nan
20181212	nan	nan	nan
20181213	nan	nan	nan
20181214	nan	nan	nan
20181215	nan	nan	nan
20181216	nan	nan	nan
20181217	nan	nan	nan
20181218	nan	nan	nan
20181219	nan	nan	nan
20181220	nan	nan	nan
20181221	nan	nan	nan
20181222	nan	nan	nan
20181223	nan	nan	nan
20181224	nan	nan	nan
20181225	nan	nan	nan
20181226	nan	nan	nan
20181227	nan	nan	nan
20181228	nan	nan	nan
20181229	nan	nan	nan
20181230	nan	nan	nan
20181231	nan	nan	nan
20190101	nan	nan	nan
20190102	nan	nan	nan
20190103	nan	nan	nan
20190104	nan	nan	nan
20190105	nan	nan	nan
20190106	nan	nan	nan
20190107	nan	nan	nan
20190108	nan	nan	nan
20190109	nan	nan	nan
20190110	nan	nan	nan
20190111	nan	nan	nan
20190112	nan	nan	nan
20190113	nan	nan	nan
20190114	nan	nan	nan
20190115	nan	nan	nan
20190116	nan	nan	nan
20190117	nan	nan	nan
20190118	nan	nan	nan
20190119	nan	nan	nan
20190120	nan	nan	nan
20190121	nan	nan	nan
20190122	nan	nan	nan
20190123	nan	nan	nan
20190124	nan	nan	nan
20190125	nan	nan	nan
20190126	nan	nan	nan
20190127	nan	nan	nan
20190128	nan	nan	nan
20190129	nan	nan	nan
20190130	nan	nan	nan
20190131	nan	nan	nan
20190201	nan	nan	nan
20190202	nan	nan	nan
20190203	nan	nan	nan
20190204	nan	nan	nan
20190205	nan	nan	nan
20190206	nan	nan	nan
20190207	nan	nan	nan
20190208	16.11	82.76	1.128
20190209	9.406	90.04	0.5556
20190210	15.46	84.08	0.4654
20190211	18.44	81.13	0.4229
20190212	12.51	85.99	1.496
20190213	11.85	86.7	1.452
20190214	9.631	87.73	2.639
20190215	9.703	88.26	2.036
20190216	nan	nan	nan
20190217	4.922	93.1	1.978
20190218	nan	nan	nan
20190219	nan	nan	nan
20190220	nan	nan	nan
20190221	nan	nan	nan
20190222	nan	nan	nan
20190223	59.34	40.09	0.5685
20190224	67.73	31.89	0.3808
20190225	67.99	31.42	0.5981
20190226	70.14	29.35	0.5139
20190227	70.48	29.02	0.4977
20190228	64.27	35.04	0.6866
20190301	62.57	36.97	0.4569
20190302	58.77	40.86	0.372
20190303	nan	nan	nan
20190304	nan	nan	nan
20190305	nan	nan	nan
20190306	nan	nan	nan
20190307	nan	nan	nan
20190308	nan	nan	nan
20190309	nan	nan	nan
20190310	nan	nan	nan
20190311	9.613	90.39	0.0
20190312	9.278	90.7	0.02054
20190313	8.861	91.12	0.02064
20190314	7.54	92.35	0.1083
20190315	6.942	92.83	0.2318
20190316	6.884	92.85	0.262
20190317	4.555	95.29	0.158
20190318	nan	nan	nan
20190319	nan	nan	nan
20190320	nan	nan	nan
20190321	nan	nan	nan
20190322	nan	nan	nan
20190323	nan	nan	nan
20190324	nan	nan	nan
20190325	nan	nan	nan
20190326	nan	nan	nan
20190327	nan	nan	nan
20190328	nan	nan	nan
20190329	nan	nan	nan
20190330	nan	nan	nan
20190331	nan	nan	nan
20190401	nan	nan	nan
20190402	nan	nan	nan
20190403	nan	nan	nan
20190404	nan	nan	nan
20190405	0.2627	99.74	0.0
20190406	0.005667	99.99	0.0
20190407	0.1558	99.84	0.0
20190408	0.2198	99.78	0.0
20190409	0.3354	99.66	0.0
20190410	0.2417	99.76	0.0
20190411	0.2853	99.71	0.0
20190412	0.3491	99.65	0.0
20190413	0.3705	99.63	0.0
20190414	2.549	97.45	0.0
20190415	10.7	89.3	0.0
20190416	7.047	92.95	0.0
