Date	WetSnow	DrySnow	BareGround
20140920	nan	nan	nan
20140921	nan	nan	nan
20140922	nan	nan	nan
20140923	nan	nan	nan
20140924	nan	nan	nan
20140925	nan	nan	nan
20140926	nan	nan	nan
20140927	nan	nan	nan
20140928	0.0	0.0	100.0
20140929	0.0	0.0	100.0
20140930	0.0	0.0	100.0
20141001	0.0	0.0	100.0
20141002	0.0	0.0	100.0
20141003	0.0	0.0	100.0
20141004	0.1114	0.0	99.89
20141005	0.1114	0.0	99.89
20141006	0.0	0.0	100.0
20141007	0.0	0.0	100.0
20141008	0.0	0.0	100.0
20141009	0.0	0.0	100.0
20141010	0.0	0.0	100.0
20141011	0.0	0.0	100.0
20141012	0.0	0.0	100.0
20141013	0.0	0.0	100.0
20141014	0.0	0.0	100.0
20141015	0.0	0.0	100.0
20141016	0.0	0.0	100.0
20141017	1.672	5.396	92.93
20141018	1.56	5.396	93.04
20141019	1.073	4.962	93.96
20141020	0.8974	4.809	94.29
20141021	0.8974	4.809	94.29
20141022	0.8974	3.935	95.17
20141023	nan	nan	nan
20141024	nan	nan	nan
20141025	nan	nan	nan
20141026	nan	nan	nan
20141027	nan	nan	nan
20141028	nan	nan	nan
20141029	nan	nan	nan
20141030	nan	nan	nan
20141031	nan	nan	nan
20141101	nan	nan	nan
20141102	nan	nan	nan
20141103	nan	nan	nan
20141104	nan	nan	nan
20141105	nan	nan	nan
20141106	nan	nan	nan
20141107	nan	nan	nan
20141108	nan	nan	nan
20141109	nan	nan	nan
20141110	nan	nan	nan
20141111	nan	nan	nan
20141112	nan	nan	nan
20141113	nan	nan	nan
20141114	nan	nan	nan
20141115	nan	nan	nan
20141116	nan	nan	nan
20141117	nan	nan	nan
20141118	nan	nan	nan
20141119	nan	nan	nan
20141120	nan	nan	nan
20141121	nan	nan	nan
20141122	nan	nan	nan
20141123	nan	nan	nan
20141124	nan	nan	nan
20141125	nan	nan	nan
20141126	nan	nan	nan
20141127	nan	nan	nan
20141128	nan	nan	nan
20141129	nan	nan	nan
20141130	nan	nan	nan
20141201	nan	nan	nan
20141202	nan	nan	nan
20141203	nan	nan	nan
20141204	nan	nan	nan
20141205	nan	nan	nan
20141206	nan	nan	nan
20141207	nan	nan	nan
20141208	nan	nan	nan
20141209	nan	nan	nan
20141210	nan	nan	nan
20141211	nan	nan	nan
20141212	nan	nan	nan
20141213	nan	nan	nan
20141214	nan	nan	nan
20141215	nan	nan	nan
20141216	nan	nan	nan
20141217	nan	nan	nan
20141218	nan	nan	nan
20141219	nan	nan	nan
20141220	nan	nan	nan
20141221	nan	nan	nan
20141222	nan	nan	nan
20141223	nan	nan	nan
20141224	nan	nan	nan
20141225	nan	nan	nan
20141226	nan	nan	nan
20141227	nan	nan	nan
20141228	nan	nan	nan
20141229	nan	nan	nan
20141230	nan	nan	nan
20141231	nan	nan	nan
20150101	nan	nan	nan
20150102	nan	nan	nan
20150103	nan	nan	nan
20150104	nan	nan	nan
20150105	nan	nan	nan
20150106	nan	nan	nan
20150107	nan	nan	nan
20150108	nan	nan	nan
20150109	nan	nan	nan
20150110	nan	nan	nan
20150111	nan	nan	nan
20150112	nan	nan	nan
20150113	nan	nan	nan
20150114	nan	nan	nan
20150115	nan	nan	nan
20150116	nan	nan	nan
20150117	nan	nan	nan
20150118	nan	nan	nan
20150119	nan	nan	nan
20150120	nan	nan	nan
20150121	nan	nan	nan
20150122	nan	nan	nan
20150123	nan	nan	nan
20150124	nan	nan	nan
20150125	nan	nan	nan
20150126	nan	nan	nan
20150127	nan	nan	nan
20150128	nan	nan	nan
20150129	nan	nan	nan
20150130	nan	nan	nan
20150131	nan	nan	nan
20150201	nan	nan	nan
20150202	nan	nan	nan
20150203	nan	nan	nan
20150204	nan	nan	nan
20150205	nan	nan	nan
20150206	nan	nan	nan
20150207	nan	nan	nan
20150208	nan	nan	nan
20150209	nan	nan	nan
20150210	nan	nan	nan
20150211	nan	nan	nan
20150212	nan	nan	nan
20150213	nan	nan	nan
20150214	nan	nan	nan
20150215	nan	nan	nan
20150216	nan	nan	nan
20150217	nan	nan	nan
20150218	nan	nan	nan
20150219	nan	nan	nan
20150220	nan	nan	nan
20150221	nan	nan	nan
20150222	nan	nan	nan
20150223	nan	nan	nan
20150224	nan	nan	nan
20150225	nan	nan	nan
20150226	nan	nan	nan
20150227	nan	nan	nan
20150228	nan	nan	nan
20150301	nan	nan	nan
20150302	nan	nan	nan
20150303	nan	nan	nan
20150304	nan	nan	nan
20150305	0.0	97.41	2.587
20150306	0.0	97.41	2.587
20150307	0.0	97.41	2.587
20150308	0.0	97.41	2.587
20150309	0.0	96.89	3.113
20150310	0.0	96.89	3.113
20150311	0.0	96.89	3.113
20150312	0.0	96.89	3.113
20150313	0.0	96.88	3.118
20150314	2.9	95.45	1.653
20150315	2.9	92.86	4.235
20150316	2.871	91.81	5.318
20150317	2.871	91.81	5.318
20150318	2.871	91.81	5.318
20150319	8.229	88.09	3.683
20150320	7.7	83.96	8.341
20150321	6.927	86.84	6.229
20150322	6.927	86.84	6.229
20150323	6.927	86.84	6.229
20150324	6.927	86.84	6.235
20150325	6.927	86.84	6.235
20150326	0.3226	98.95	0.7273
20150327	0.3168	98.96	0.7275
20150328	0.3168	98.52	1.167
20150329	0.3168	98.52	1.167
20150330	0.3181	98.51	1.172
20150331	0.3227	98.49	1.189
20150401	0.3251	98.33	1.348
20150402	0.2326	98.88	0.8887
20150403	0.2326	98.88	0.8887
20150404	0.2343	99.02	0.7449
20150405	0.2343	99.02	0.7449
20150406	nan	nan	nan
20150407	nan	nan	nan
20150408	nan	nan	nan
20150409	nan	nan	nan
20150410	nan	nan	nan
20150411	nan	nan	nan
20150412	nan	nan	nan
20150413	nan	nan	nan
20150414	nan	nan	nan
20150415	0.1194	99.88	0.0
20150416	0.1194	99.88	0.0
20150417	0.1195	99.88	0.0
20150418	0.1195	99.88	0.0
20150419	0.1195	99.88	0.0
20150420	0.1195	99.29	0.5918
20150421	0.1195	99.29	0.5918
20150422	11.06	88.2	0.7399
20150423	11.11	88.15	0.7429
20150424	5.848	92.84	1.314
20150425	5.848	91.23	2.927
20150426	1.044	97.06	1.9
20150427	0.5865	97.66	1.754
20150428	0.5865	97.66	1.754
20150429	0.5865	95.8	3.613
20150430	0.5865	95.06	4.352
20150501	1.349	94.31	4.34
20150502	1.349	94.31	4.34
20150503	1.349	94.31	4.34
20150504	4.023	92.54	3.437
20150505	4.023	92.54	3.437
20150506	6.041	90.53	3.431
20150507	6.041	88.45	5.507
20150508	6.111	88.38	5.507
20150509	6.698	87.79	5.507
20150510	6.633	78.12	15.24
20150511	nan	nan	nan
20150512	nan	nan	nan
20150513	nan	nan	nan
20150514	nan	nan	nan
20150515	nan	nan	nan
20150516	1.001	60.95	38.05
20150517	1.001	60.21	38.79
20150518	0.1877	56.49	43.32
20150519	0.1877	56.49	43.32
20150520	0.1232	55.46	44.42
20150521	0.6337	54.8	44.57
20150522	0.6342	54.5	44.86
20150523	0.6395	54.13	45.23
20150524	0.6395	54.13	45.23
20150525	0.6395	53.72	45.65
20150526	0.6294	44.32	55.05
20150527	0.6516	43.58	55.77
20150528	0.6516	43.58	55.77
20150529	nan	nan	nan
20150530	nan	nan	nan
20150531	nan	nan	nan
20150601	nan	nan	nan
20150602	nan	nan	nan
20150603	nan	nan	nan
20150604	nan	nan	nan
20150605	nan	nan	nan
20150606	nan	nan	nan
20150607	nan	nan	nan
20150608	nan	nan	nan
20150609	nan	nan	nan
20150610	nan	nan	nan
20150611	nan	nan	nan
20150612	nan	nan	nan
20150613	nan	nan	nan
20150614	nan	nan	nan
20150615	nan	nan	nan
20150616	nan	nan	nan
20150617	nan	nan	nan
20150618	nan	nan	nan
20150619	nan	nan	nan
20150620	0.0	1.302	98.7
20150621	0.0	1.156	98.84
20150622	0.0	0.9531	99.05
20150623	0.0	0.9545	99.05
20150624	0.0	0.9079	99.09
20150625	0.0	1.006	98.99
20150626	0.0	0.9157	99.08
20150627	0.0	0.6925	99.31
20150628	0.0	0.6925	99.31
20150629	nan	nan	nan
20150630	0.0	0.3487	99.65
20150701	0.0	0.2249	99.78
20150702	0.0	0.0	100.0
20150703	0.0	0.0	100.0
20150704	0.0	0.0	100.0
20150705	0.0	0.0	100.0
20150706	0.0	0.0	100.0
20150707	0.0	0.0	100.0
20150708	0.0	0.0	100.0
20150709	0.0	0.0	100.0
20150710	0.0	0.0	100.0
20150711	0.0	0.0	100.0
20150712	nan	nan	nan
20150713	0.0	0.0	100.0
20150714	0.0	0.0	100.0
20150715	0.0	0.0	100.0
20150716	0.0	0.0	100.0
20150717	0.0	0.0	100.0
20150718	0.0	0.0	100.0
20150719	0.0	1.396	98.6
20150720	0.0	1.396	98.6
20150721	0.0	0.4868	99.51
20150722	0.0	0.0	100.0
20150723	0.0	0.0	100.0
20150724	0.01762	0.0	99.98
20150725	0.01178	0.0	99.99
20150726	0.0119	0.0	99.99
20150727	0.0119	0.0	99.99
20150728	0.01174	0.0	99.99
20150729	0.01174	0.0	99.99
20150730	0.01174	0.0	99.99
20150731	0.01174	0.0	99.99
20150801	0.01195	0.0	99.99
20150802	nan	nan	nan
20150803	nan	nan	nan
20150804	nan	nan	nan
20150805	nan	nan	nan
20150806	nan	nan	nan
20150807	nan	nan	nan
20150808	nan	nan	nan
20150809	nan	nan	nan
20150810	0.0	0.0	100.0
20150811	0.0	0.0	100.0
20150812	0.05279	0.0	99.95
20150813	0.05865	0.1466	99.79
20150814	0.05865	0.1466	99.79
20150815	0.0	0.0	100.0
20150816	0.0	0.0	100.0
20150817	0.02933	0.0	99.97
20150818	0.0	0.0	100.0
20150819	0.0	0.0	100.0
20150820	0.03519	0.0	99.96
20150821	0.0	0.0	100.0
20150822	0.0	0.0	100.0
20150823	0.0	0.0	100.0
20150824	0.05279	0.0	99.95
20150825	0.04106	0.0	99.96
20150826	0.02933	0.0	99.97
20150827	0.02933	0.0	99.97
20150828	0.02933	0.0	99.97
20150829	0.1114	0.0	99.89
20150830	0.1056	0.0	99.89
20150831	0.1056	0.0	99.89
20150901	0.1056	0.0	99.89
20150902	0.1056	0.0	99.89
20150903	0.1056	0.0	99.89
20150904	0.1061	0.0	99.89
20150905	nan	nan	nan
20150906	nan	nan	nan
20150907	nan	nan	nan
20150908	nan	nan	nan
20150909	nan	nan	nan
20150910	0.04692	0.0	99.95
20150911	0.0	0.0	100.0
20150912	0.0	0.0	100.0
20150913	0.05279	0.0	99.95
20150914	0.0	0.0	100.0
20150915	0.0	0.0	100.0
20150916	0.0	0.0	100.0
20150917	0.03519	0.0	99.96
20150918	0.04106	0.9326	99.03
20150919	0.04106	0.9326	99.03
20150920	0.04106	0.9326	99.03
20150921	0.02933	0.9326	99.04
20150922	0.02346	0.9326	99.04
20150923	0.0176	0.7918	99.19
20150924	0.0	0.0	100.0
20150925	0.02933	0.0	99.97
20150926	0.02933	0.0	99.97
20150927	0.05279	0.0	99.95
20150928	0.05279	0.0	99.95
20150929	0.05279	0.0	99.95
20150930	0.05279	0.005865	99.94
20151001	0.05279	0.005865	99.94
20151002	0.05279	0.005865	99.94
20151003	0.05279	0.005865	99.94
20151004	0.05279	21.87	78.08
20151005	0.0176	75.62	24.36
20151006	nan	nan	nan
20151007	0.01845	62.21	37.77
20151008	0.01815	53.52	46.46
20151009	0.01802	50.35	49.64
20151010	0.01799	36.19	63.79
20151011	0.05349	41.95	58.0
20151012	0.05349	41.95	58.0
20151013	0.05349	41.95	58.0
20151014	0.05349	41.95	58.0
20151015	0.05349	41.88	58.07
20151016	0.05349	41.82	58.13
20151017	0.05365	38.66	61.28
20151018	0.04202	35.49	64.46
20151019	0.04235	27.02	72.94
20151020	nan	nan	nan
20151021	nan	nan	nan
20151022	nan	nan	nan
20151023	nan	nan	nan
20151024	nan	nan	nan
20151025	nan	nan	nan
20151026	nan	nan	nan
20151027	nan	nan	nan
20151028	nan	nan	nan
20151029	nan	nan	nan
20151030	nan	nan	nan
20151031	nan	nan	nan
20151101	nan	nan	nan
20151102	nan	nan	nan
20151103	nan	nan	nan
20151104	nan	nan	nan
20151105	nan	nan	nan
20151106	nan	nan	nan
20151107	nan	nan	nan
20151108	nan	nan	nan
20151109	nan	nan	nan
20151110	nan	nan	nan
20151111	nan	nan	nan
20151112	nan	nan	nan
20151113	nan	nan	nan
20151114	nan	nan	nan
20151115	nan	nan	nan
20151116	nan	nan	nan
20151117	nan	nan	nan
20151118	nan	nan	nan
20151119	nan	nan	nan
20151120	nan	nan	nan
20151121	nan	nan	nan
20151122	nan	nan	nan
20151123	nan	nan	nan
20151124	nan	nan	nan
20151125	nan	nan	nan
20151126	nan	nan	nan
20151127	nan	nan	nan
20151128	nan	nan	nan
20151129	nan	nan	nan
20151130	nan	nan	nan
20151201	nan	nan	nan
20151202	nan	nan	nan
20151203	nan	nan	nan
20151204	nan	nan	nan
20151205	nan	nan	nan
20151206	nan	nan	nan
20151207	nan	nan	nan
20151208	nan	nan	nan
20151209	nan	nan	nan
20151210	nan	nan	nan
20151211	nan	nan	nan
20151212	nan	nan	nan
20151213	nan	nan	nan
20151214	nan	nan	nan
20151215	nan	nan	nan
20151216	nan	nan	nan
20151217	nan	nan	nan
20151218	nan	nan	nan
20151219	nan	nan	nan
20151220	nan	nan	nan
20151221	nan	nan	nan
20151222	nan	nan	nan
20151223	nan	nan	nan
20151224	nan	nan	nan
20151225	nan	nan	nan
20151226	nan	nan	nan
20151227	nan	nan	nan
20151228	nan	nan	nan
20151229	nan	nan	nan
20151230	nan	nan	nan
20151231	nan	nan	nan
20160101	nan	nan	nan
20160102	nan	nan	nan
20160103	nan	nan	nan
20160104	nan	nan	nan
20160105	nan	nan	nan
20160106	nan	nan	nan
20160107	nan	nan	nan
20160108	nan	nan	nan
20160109	nan	nan	nan
20160110	nan	nan	nan
20160111	nan	nan	nan
20160112	nan	nan	nan
20160113	nan	nan	nan
20160114	nan	nan	nan
20160115	nan	nan	nan
20160116	nan	nan	nan
20160117	nan	nan	nan
20160118	nan	nan	nan
20160119	nan	nan	nan
20160120	nan	nan	nan
20160121	nan	nan	nan
20160122	nan	nan	nan
20160123	nan	nan	nan
20160124	nan	nan	nan
20160125	nan	nan	nan
20160126	nan	nan	nan
20160127	nan	nan	nan
20160128	nan	nan	nan
20160129	nan	nan	nan
20160130	nan	nan	nan
20160131	nan	nan	nan
20160201	nan	nan	nan
20160202	nan	nan	nan
20160203	nan	nan	nan
20160204	nan	nan	nan
20160205	nan	nan	nan
20160206	nan	nan	nan
20160207	nan	nan	nan
20160208	nan	nan	nan
20160209	nan	nan	nan
20160210	nan	nan	nan
20160211	nan	nan	nan
20160212	nan	nan	nan
20160213	nan	nan	nan
20160214	nan	nan	nan
20160215	nan	nan	nan
20160216	nan	nan	nan
20160217	nan	nan	nan
20160218	nan	nan	nan
20160219	nan	nan	nan
20160220	nan	nan	nan
20160221	nan	nan	nan
20160222	nan	nan	nan
20160223	nan	nan	nan
20160224	nan	nan	nan
20160225	nan	nan	nan
20160226	0.1944	99.55	0.2592
20160227	0.165	95.98	3.859
20160228	7.47	89.99	2.539
20160229	7.47	89.99	2.539
20160301	17.0	83.0	0.0
20160302	17.0	83.0	0.0
20160303	17.11	82.89	0.0
20160304	13.58	86.42	0.0
20160305	13.58	86.42	0.0
20160306	13.58	86.42	0.0
20160307	13.58	86.42	0.0
20160308	13.6	86.4	0.0
20160309	0.1114	97.48	2.411
20160310	0.1114	97.48	2.411
20160311	7.554	89.55	2.897
20160312	7.554	89.55	2.897
20160313	7.554	89.55	2.897
20160314	7.554	89.55	2.897
20160315	7.672	90.05	2.276
20160316	10.05	88.17	1.777
20160317	10.05	88.17	1.777
20160318	9.965	88.08	1.959
20160319	9.965	87.65	2.387
20160320	9.965	87.65	2.387
20160321	12.72	87.24	0.04692
20160322	12.65	87.3	0.0486
20160323	13.2	86.75	0.04816
20160324	13.2	86.63	0.1686
20160325	9.139	90.69	0.1679
20160326	9.063	90.77	0.1681
20160327	9.036	90.8	0.1681
20160328	2.915	96.27	0.8167
20160329	2.915	96.27	0.8167
20160330	2.915	96.27	0.8167
20160331	2.909	96.0	1.091
20160401	2.909	94.97	2.116
20160402	0.05865	99.38	0.5572
20160403	0.05865	99.38	0.5572
20160404	0.0	98.94	1.056
20160405	0.0	98.35	1.654
20160406	0.0	98.35	1.654
20160407	0.0	98.35	1.654
20160408	0.03519	98.31	1.654
20160409	0.03519	98.31	1.654
20160410	0.03519	98.31	1.654
20160411	0.03519	98.02	1.947
20160412	0.03519	98.02	1.947
20160413	0.03524	96.7	3.266
20160414	4.476	92.26	3.266
20160415	4.658	90.92	4.426
20160416	nan	nan	nan
20160417	nan	nan	nan
20160418	0.0	99.85	0.1468
20160419	0.0	99.25	0.7517
20160420	0.0	98.9	1.104
20160421	0.0	99.12	0.881
20160422	0.0	99.12	0.881
20160423	0.0	98.97	1.028
20160424	0.0	98.74	1.263
20160425	0.0	96.72	3.277
20160426	0.0	97.31	2.69
20160427	0.0	97.31	2.69
20160428	1.661	91.35	6.991
20160429	1.661	90.32	8.018
20160430	0.2991	84.57	15.13
20160501	0.2991	83.18	16.52
20160502	0.05279	74.46	25.49
20160503	0.5103	71.57	27.92
20160504	0.5103	71.57	27.92
20160505	0.5103	71.57	27.92
20160506	0.5103	71.43	28.06
20160507	0.5103	71.43	28.06
20160508	0.5103	67.7	31.79
20160509	0.5107	66.33	33.16
20160510	0.5576	65.7	33.75
20160511	0.5531	65.48	33.96
20160512	0.5234	63.67	35.81
20160513	nan	nan	nan
20160514	nan	nan	nan
20160515	nan	nan	nan
20160516	nan	nan	nan
20160517	nan	nan	nan
20160518	nan	nan	nan
20160519	nan	nan	nan
20160520	nan	nan	nan
20160521	nan	nan	nan
20160522	0.09794	16.88	83.02
20160523	0.09827	16.6	83.31
20160524	0.09736	15.05	84.85
20160525	nan	nan	nan
20160526	0.09064	7.535	92.37
20160527	0.02348	5.558	94.42
20160528	0.02348	5.558	94.42
20160529	0.02348	3.498	96.48
20160530	0.02348	1.643	98.33
20160531	0.0	0.346	99.65
20160601	0.0	0.346	99.65
20160602	0.0	0.04692	99.95
20160603	0.0	2.886	97.11
20160604	0.0	2.739	97.26
20160605	0.0	2.739	97.26
20160606	0.0	1.866	98.13
20160607	0.0	1.867	98.13
20160608	0.0	1.867	98.13
20160609	0.0	1.867	98.13
20160610	0.0	0.7017	99.3
20160611	0.0	0.4454	99.55
20160612	0.0	0.4454	99.55
20160613	nan	nan	nan
20160614	nan	nan	nan
20160615	nan	nan	nan
20160616	nan	nan	nan
20160617	nan	nan	nan
20160618	nan	nan	nan
20160619	nan	nan	nan
20160620	nan	nan	nan
20160621	nan	nan	nan
20160622	nan	nan	nan
20160623	nan	nan	nan
20160624	nan	nan	nan
20160625	nan	nan	nan
20160626	0.0	0.0	100.0
20160627	0.0	0.0	100.0
20160628	0.0	0.0	100.0
20160629	0.0	0.0	100.0
20160630	0.0	0.0	100.0
20160701	0.0	0.0	100.0
20160702	0.0	0.0	100.0
20160703	0.0	0.0	100.0
20160704	0.0	0.0	100.0
20160705	0.0	0.0	100.0
20160706	0.0	0.0	100.0
20160707	0.0	10.19	89.81
20160708	0.0	10.23	89.77
20160709	0.0	10.23	89.77
20160710	0.0	10.23	89.77
20160711	nan	nan	nan
20160712	nan	nan	nan
20160713	nan	nan	nan
20160714	nan	nan	nan
20160715	nan	nan	nan
20160716	nan	nan	nan
20160717	nan	nan	nan
20160718	nan	nan	nan
20160719	nan	nan	nan
20160720	nan	nan	nan
20160721	0.0	0.0	100.0
20160722	0.0	0.0	100.0
20160723	0.0	0.1466	99.85
20160724	0.0	0.1466	99.85
20160725	0.0	0.1466	99.85
20160726	0.005865	0.0	99.99
20160727	0.0	0.0	100.0
20160728	0.0	0.0	100.0
20160729	0.0	0.0	100.0
20160730	0.0176	0.0	99.98
20160731	0.0176	0.0	99.98
20160801	0.0176	0.0	99.98
20160802	0.02942	0.0	99.97
20160803	0.02943	0.0	99.97
20160804	0.05291	0.0	99.95
20160805	0.0	0.0	100.0
20160806	0.0	0.0	100.0
20160807	0.01789	0.0	99.98
20160808	0.01789	0.0	99.98
20160809	0.01791	0.0	99.98
20160810	nan	nan	nan
20160811	nan	nan	nan
20160812	nan	nan	nan
20160813	0.02432	0.0	99.98
20160814	0.036	0.0	99.96
20160815	0.0	0.0	100.0
20160816	0.04106	0.0	99.96
20160817	0.0	0.0	100.0
20160818	0.0	0.0	100.0
20160819	0.01173	0.0	99.99
20160820	0.0	0.0	100.0
20160821	0.0	0.0	100.0
20160822	0.0	0.0	100.0
20160823	0.02346	0.0	99.98
20160824	0.01173	0.0	99.99
20160825	0.01173	0.0	99.99
20160826	0.02346	0.0	99.98
20160827	0.02346	0.0	99.98
20160828	0.05279	0.0	99.95
20160829	0.04692	0.0	99.95
20160830	0.0176	0.0	99.98
20160831	0.02346	0.0	99.98
20160901	0.02346	0.0	99.98
20160902	0.02346	0.0	99.98
20160903	0.0176	0.0	99.98
20160904	nan	nan	nan
20160905	nan	nan	nan
20160906	nan	nan	nan
20160907	nan	nan	nan
20160908	nan	nan	nan
20160909	nan	nan	nan
20160910	nan	nan	nan
20160911	nan	nan	nan
20160912	nan	nan	nan
20160913	nan	nan	nan
20160914	nan	nan	nan
20160915	nan	nan	nan
20160916	0.02346	0.0	99.98
20160917	0.0176	0.0	99.98
20160918	0.01173	0.0	99.99
20160919	0.02346	14.04	85.94
20160920	0.0176	13.74	86.24
20160921	0.04106	0.0	99.96
20160922	0.0	0.0	100.0
20160923	0.005865	0.0	99.99
20160924	0.01173	0.0	99.99
20160925	0.01173	0.0	99.99
20160926	0.01173	0.0	99.99
20160927	0.04697	0.0	99.95
20160928	0.04697	0.0	99.95
20160929	0.08219	0.0	99.92
20160930	0.08806	0.0	99.91
20161001	0.08837	0.0	99.91
20161002	0.0	0.0	100.0
20161003	0.01202	6.267	93.72
20161004	0.1065	7.34	92.55
20161005	0.3248	4.501	95.17
20161006	0.3248	4.501	95.17
20161007	0.3248	4.353	95.32
20161008	0.3248	3.928	95.75
20161009	0.229	0.6752	99.1
20161010	0.05878	0.676	99.27
20161011	2.239	0.676	97.08
20161012	2.239	0.676	97.08
20161013	2.249	0.6789	97.07
20161014	2.26	0.3441	97.4
20161015	0.6361	0.0	99.36
20161016	3.059	0.0	96.94
20161017	10.47	0.9855	88.55
20161018	2.826	1.121	96.05
20161019	2.102	2.648	95.25
20161020	0.6804	0.4751	98.84
20161021	0.4516	1.196	98.35
20161022	0.3871	1.085	98.53
20161023	2.516	1.372	96.11
20161024	2.927	3.519	93.55
20161025	5.537	4.334	90.13
20161026	2.51	2.921	94.57
20161027	2.578	2.925	94.5
20161028	3.694	8.501	87.81
20161029	12.13	3.139	84.73
20161030	7.893	8.294	83.81
20161031	16.65	18.68	64.66
20161101	13.35	16.98	69.67
20161102	12.17	16.23	71.6
20161103	14.72	16.03	69.25
20161104	13.99	35.56	50.45
20161105	11.46	26.49	62.05
20161106	46.72	16.0	37.29
20161107	46.72	16.0	37.29
20161108	80.69	6.395	12.91
20161109	82.65	6.477	10.88
20161110	84.21	6.212	9.581
20161111	nan	nan	nan
20161112	nan	nan	nan
20161113	nan	nan	nan
20161114	nan	nan	nan
20161115	nan	nan	nan
20161116	nan	nan	nan
20161117	nan	nan	nan
20161118	nan	nan	nan
20161119	nan	nan	nan
20161120	nan	nan	nan
20161121	nan	nan	nan
20161122	nan	nan	nan
20161123	nan	nan	nan
20161124	nan	nan	nan
20161125	nan	nan	nan
20161126	nan	nan	nan
20161127	nan	nan	nan
20161128	nan	nan	nan
20161129	nan	nan	nan
20161130	nan	nan	nan
20161201	nan	nan	nan
20161202	nan	nan	nan
20161203	nan	nan	nan
20161204	nan	nan	nan
20161205	nan	nan	nan
20161206	nan	nan	nan
20161207	nan	nan	nan
20161208	nan	nan	nan
20161209	nan	nan	nan
20161210	nan	nan	nan
20161211	nan	nan	nan
20161212	nan	nan	nan
20161213	nan	nan	nan
20161214	nan	nan	nan
20161215	nan	nan	nan
20161216	nan	nan	nan
20161217	nan	nan	nan
20161218	nan	nan	nan
20161219	nan	nan	nan
20161220	nan	nan	nan
20161221	nan	nan	nan
20161222	nan	nan	nan
20161223	nan	nan	nan
20161224	nan	nan	nan
20161225	nan	nan	nan
20161226	nan	nan	nan
20161227	nan	nan	nan
20161228	nan	nan	nan
20161229	nan	nan	nan
20161230	nan	nan	nan
20161231	nan	nan	nan
20170101	nan	nan	nan
20170102	nan	nan	nan
20170103	nan	nan	nan
20170104	nan	nan	nan
20170105	nan	nan	nan
20170106	nan	nan	nan
20170107	nan	nan	nan
20170108	nan	nan	nan
20170109	nan	nan	nan
20170110	nan	nan	nan
20170111	nan	nan	nan
20170112	nan	nan	nan
20170113	nan	nan	nan
20170114	nan	nan	nan
20170115	nan	nan	nan
20170116	nan	nan	nan
20170117	nan	nan	nan
20170118	nan	nan	nan
20170119	nan	nan	nan
20170120	nan	nan	nan
20170121	nan	nan	nan
20170122	nan	nan	nan
20170123	nan	nan	nan
20170124	nan	nan	nan
20170125	nan	nan	nan
20170126	nan	nan	nan
20170127	nan	nan	nan
20170128	nan	nan	nan
20170129	nan	nan	nan
20170130	nan	nan	nan
20170131	nan	nan	nan
20170201	nan	nan	nan
20170202	nan	nan	nan
20170203	nan	nan	nan
20170204	nan	nan	nan
20170205	nan	nan	nan
20170206	nan	nan	nan
20170207	0.9202	98.93	0.1475
20170208	0.4814	99.08	0.4403
20170209	0.4106	99.3	0.2933
20170210	0.4106	99.3	0.2933
20170211	0.4106	98.86	0.7331
20170212	0.4106	98.86	0.7331
20170213	1.031	98.23	0.7406
20170214	7.714	90.63	1.659
20170215	7.745	90.58	1.676
20170216	7.806	90.5	1.689
20170217	7.807	90.5	1.689
20170218	nan	nan	nan
20170219	9.422	89.99	0.5867
20170220	9.451	90.11	0.44
20170221	8.986	90.57	0.4454
20170222	6.366	93.19	0.4445
20170223	6.366	93.19	0.4445
20170224	6.366	93.19	0.4445
20170225	2.018	95.97	2.012
20170226	nan	nan	nan
20170227	0.09644	99.41	0.4942
20170228	0.0	100.0	0.0
20170301	0.0	100.0	0.0
20170302	0.0	99.4	0.5954
20170303	0.0	98.22	1.781
20170304	0.0	97.93	2.069
20170305	0.0	98.23	1.773
20170306	0.0	100.0	0.0
20170307	0.0	100.0	0.0
20170308	0.0	100.0	0.0
20170309	0.0	100.0	0.0
20170310	0.0	100.0	0.0
20170311	0.0	100.0	0.0
20170312	0.0	99.71	0.2948
20170313	0.0	99.7	0.2989
20170314	nan	nan	nan
20170315	nan	nan	nan
20170316	nan	nan	nan
20170317	nan	nan	nan
20170318	nan	nan	nan
20170319	nan	nan	nan
20170320	nan	nan	nan
20170321	nan	nan	nan
20170322	nan	nan	nan
20170323	nan	nan	nan
20170324	nan	nan	nan
20170325	nan	nan	nan
20170326	nan	nan	nan
20170327	nan	nan	nan
20170328	nan	nan	nan
20170329	nan	nan	nan
20170330	nan	nan	nan
20170331	nan	nan	nan
20170401	nan	nan	nan
20170402	nan	nan	nan
20170403	nan	nan	nan
20170404	nan	nan	nan
20170405	3.879	96.12	0.0
20170406	nan	nan	nan
20170407	12.33	87.52	0.1416
20170408	0.4224	99.58	0.0
20170409	0.4986	99.5	0.0
20170410	0.4986	99.5	0.0
20170411	0.4986	99.5	0.0
20170412	0.4986	99.5	0.0
20170413	0.0	100.0	0.0
20170414	0.0	100.0	0.0
20170415	nan	nan	nan
20170416	nan	nan	nan
20170417	nan	nan	nan
20170418	nan	nan	nan
20170419	nan	nan	nan
20170420	nan	nan	nan
20170421	nan	nan	nan
20170422	nan	nan	nan
20170423	nan	nan	nan
20170424	nan	nan	nan
20170425	nan	nan	nan
20170426	0.01174	99.99	0.0
20170427	0.01174	99.99	0.0
20170428	0.0	100.0	0.0
20170429	0.0	100.0	0.0
20170430	0.0	100.0	0.0
20170501	0.04692	99.95	0.0
20170502	0.2991	99.7	0.0
20170503	4.686	95.17	0.1466
20170504	4.739	95.11	0.1466
20170505	5.9	93.95	0.1466
20170506	nan	nan	nan
20170507	nan	nan	nan
20170508	nan	nan	nan
20170509	nan	nan	nan
20170510	nan	nan	nan
20170511	nan	nan	nan
20170512	nan	nan	nan
20170513	nan	nan	nan
20170514	2.118	97.73	0.1526
20170515	7.519	92.48	0.0
20170516	2.974	97.03	0.0
20170517	5.361	94.64	0.0
20170518	4.985	92.96	2.053
20170519	5.49	91.14	3.372
20170520	7.595	89.03	3.372
20170521	11.43	85.2	3.372
20170522	11.67	84.88	3.445
20170523	nan	nan	nan
20170524	nan	nan	nan
20170525	nan	nan	nan
20170526	nan	nan	nan
20170527	nan	nan	nan
20170528	nan	nan	nan
20170529	nan	nan	nan
20170530	nan	nan	nan
20170531	nan	nan	nan
20170601	nan	nan	nan
20170602	nan	nan	nan
20170603	nan	nan	nan
20170604	nan	nan	nan
20170605	nan	nan	nan
20170606	nan	nan	nan
20170607	nan	nan	nan
20170608	0.7657	29.01	70.23
20170609	0.6684	22.85	76.48
20170610	0.4966	15.05	84.45
20170611	0.1411	13.52	86.33
20170612	0.1275	11.39	88.48
20170613	0.1211	9.435	90.44
20170614	nan	nan	nan
20170615	nan	nan	nan
20170616	nan	nan	nan
20170617	nan	nan	nan
20170618	nan	nan	nan
20170619	nan	nan	nan
20170620	nan	nan	nan
20170621	nan	nan	nan
20170622	nan	nan	nan
20170623	nan	nan	nan
20170624	nan	nan	nan
20170625	nan	nan	nan
20170626	nan	nan	nan
20170627	nan	nan	nan
20170628	nan	nan	nan
20170629	nan	nan	nan
20170630	0.005956	0.0	99.99
20170701	0.005988	0.0	99.99
20170702	0.0	0.0	100.0
20170703	0.0	0.0	100.0
20170704	0.0	0.0	100.0
20170705	0.0	0.0	100.0
20170706	0.0	0.0	100.0
20170707	nan	nan	nan
20170708	nan	nan	nan
20170709	nan	nan	nan
20170710	nan	nan	nan
20170711	0.0	0.0	100.0
20170712	0.0	0.0	100.0
20170713	0.0	0.0	100.0
20170714	nan	nan	nan
20170715	nan	nan	nan
20170716	nan	nan	nan
20170717	nan	nan	nan
20170718	nan	nan	nan
20170719	nan	nan	nan
20170720	nan	nan	nan
20170721	nan	nan	nan
20170722	nan	nan	nan
20170723	0.01765	0.0	99.98
20170724	0.0353	0.0	99.96
20170725	0.0	0.0	100.0
20170726	0.0235	0.0	99.98
20170727	0.047	0.0	99.95
20170728	0.01175	0.0	99.99
20170729	0.005873	0.0	99.99
20170730	0.005873	0.0	99.99
20170731	0.07647	0.0	99.92
20170801	0.07647	0.0	99.92
20170802	0.07658	0.0	99.92
20170803	0.07704	0.0	99.92
20170804	0.07733	0.0	99.92
20170805	nan	nan	nan
20170806	nan	nan	nan
20170807	nan	nan	nan
20170808	nan	nan	nan
20170809	nan	nan	nan
20170810	nan	nan	nan
20170811	0.05539	0.2216	99.72
20170812	nan	nan	nan
20170813	nan	nan	nan
20170814	nan	nan	nan
20170815	nan	nan	nan
20170816	0.06035	0.2957	99.64
20170817	0.09053	0.2957	99.61
20170818	0.06709	0.1525	99.78
20170819	0.1164	0.1532	99.73
20170820	nan	nan	nan
20170821	nan	nan	nan
20170822	nan	nan	nan
20170823	nan	nan	nan
20170824	nan	nan	nan
20170825	nan	nan	nan
20170826	nan	nan	nan
20170827	nan	nan	nan
20170828	nan	nan	nan
20170829	nan	nan	nan
20170830	nan	nan	nan
20170831	nan	nan	nan
20170901	nan	nan	nan
20170902	nan	nan	nan
20170903	nan	nan	nan
20170904	0.08274	0.0	99.92
20170905	0.1536	0.0	99.85
20170906	0.195	0.0	99.81
20170907	0.02953	0.0	99.97
20170908	0.1181	0.0	99.88
20170909	0.1178	0.0	99.88
20170910	0.1413	0.0	99.86
20170911	0.1482	0.0	99.85
20170912	0.2252	11.86	87.91
20170913	0.2252	11.86	87.91
20170914	nan	nan	nan
20170915	nan	nan	nan
20170916	nan	nan	nan
20170917	nan	nan	nan
20170918	nan	nan	nan
20170919	nan	nan	nan
20170920	nan	nan	nan
20170921	nan	nan	nan
20170922	nan	nan	nan
20170923	nan	nan	nan
20170924	0.08913	0.0	99.91
20170925	0.07661	0.0	99.92
20170926	0.05298	0.0	99.95
20170927	0.0	0.0	100.0
20170928	0.03524	0.0	99.96
20170929	0.1057	0.0	99.89
20170930	0.08223	0.0	99.92
20171001	0.02937	0.0	99.97
20171002	0.04706	0.0	99.95
20171003	0.04706	0.0	99.95
20171004	0.08894	0.0	99.91
20171005	0.08913	0.0	99.91
20171006	0.3803	0.0	99.62
20171007	0.3839	1.676	97.94
20171008	nan	nan	nan
20171009	nan	nan	nan
20171010	nan	nan	nan
20171011	nan	nan	nan
20171012	nan	nan	nan
20171013	nan	nan	nan
20171014	nan	nan	nan
20171015	nan	nan	nan
20171016	nan	nan	nan
20171017	nan	nan	nan
20171018	nan	nan	nan
20171019	nan	nan	nan
20171020	nan	nan	nan
20171021	nan	nan	nan
20171022	0.1666	52.35	47.48
20171023	61.13	30.53	8.342
20171024	48.89	35.81	15.3
20171025	39.28	44.12	16.6
20171026	19.18	41.75	39.06
20171027	19.2	41.71	39.09
20171028	7.666	65.37	26.96
20171029	5.127	75.71	19.16
20171030	17.03	78.98	3.988
20171031	28.41	70.7	0.8919
20171101	22.53	76.76	0.7155
20171102	21.34	74.73	3.924
20171103	15.11	79.89	4.991
20171104	10.25	86.26	3.49
20171105	3.936	94.83	1.232
20171106	3.946	94.82	1.235
20171107	4.009	94.72	1.268
20171108	3.305	95.4	1.292
20171109	nan	nan	nan
20171110	nan	nan	nan
20171111	nan	nan	nan
20171112	nan	nan	nan
20171113	nan	nan	nan
20171114	nan	nan	nan
20171115	nan	nan	nan
20171116	nan	nan	nan
20171117	nan	nan	nan
20171118	nan	nan	nan
20171119	nan	nan	nan
20171120	nan	nan	nan
20171121	nan	nan	nan
20171122	nan	nan	nan
20171123	nan	nan	nan
20171124	nan	nan	nan
20171125	nan	nan	nan
20171126	nan	nan	nan
20171127	nan	nan	nan
20171128	nan	nan	nan
20171129	nan	nan	nan
20171130	nan	nan	nan
20171201	nan	nan	nan
20171202	nan	nan	nan
20171203	nan	nan	nan
20171204	nan	nan	nan
20171205	nan	nan	nan
20171206	nan	nan	nan
20171207	nan	nan	nan
20171208	nan	nan	nan
20171209	nan	nan	nan
20171210	nan	nan	nan
20171211	nan	nan	nan
20171212	nan	nan	nan
20171213	nan	nan	nan
20171214	nan	nan	nan
20171215	nan	nan	nan
20171216	nan	nan	nan
20171217	nan	nan	nan
20171218	nan	nan	nan
20171219	nan	nan	nan
20171220	nan	nan	nan
20171221	nan	nan	nan
20171222	nan	nan	nan
20171223	nan	nan	nan
20171224	nan	nan	nan
20171225	nan	nan	nan
20171226	nan	nan	nan
20171227	nan	nan	nan
20171228	nan	nan	nan
20171229	nan	nan	nan
20171230	nan	nan	nan
20171231	nan	nan	nan
20180101	nan	nan	nan
20180102	nan	nan	nan
20180103	nan	nan	nan
20180104	nan	nan	nan
20180105	nan	nan	nan
20180106	nan	nan	nan
20180107	nan	nan	nan
20180108	nan	nan	nan
20180109	nan	nan	nan
20180110	nan	nan	nan
20180111	nan	nan	nan
20180112	nan	nan	nan
20180113	nan	nan	nan
20180114	nan	nan	nan
20180115	nan	nan	nan
20180116	nan	nan	nan
20180117	nan	nan	nan
20180118	nan	nan	nan
20180119	nan	nan	nan
20180120	nan	nan	nan
20180121	nan	nan	nan
20180122	nan	nan	nan
20180123	nan	nan	nan
20180124	nan	nan	nan
20180125	nan	nan	nan
20180126	nan	nan	nan
20180127	nan	nan	nan
20180128	nan	nan	nan
20180129	nan	nan	nan
20180130	nan	nan	nan
20180131	nan	nan	nan
20180201	nan	nan	nan
20180202	nan	nan	nan
20180203	nan	nan	nan
20180204	nan	nan	nan
20180205	nan	nan	nan
20180206	nan	nan	nan
20180207	57.04	41.78	1.183
20180208	62.03	37.15	0.8187
20180209	19.77	77.52	2.71
20180210	19.11	78.18	2.71
20180211	5.595	85.39	9.015
20180212	5.279	81.87	12.86
20180213	47.45	50.87	1.677
20180214	18.94	68.17	12.89
20180215	32.48	58.79	8.727
20180216	56.49	43.16	0.3578
20180217	14.41	85.59	0.0
20180218	14.26	85.3	0.4399
20180219	50.37	49.39	0.2405
20180220	62.43	37.49	0.08211
20180221	29.74	70.12	0.1408
20180222	6.452	92.97	0.5806
20180223	41.98	57.47	0.5572
20180224	41.98	57.47	0.5572
20180225	65.41	34.59	0.0
20180226	54.75	43.67	1.578
20180227	49.43	50.57	0.0
20180228	51.95	48.05	0.0
20180301	51.82	48.18	0.0
20180302	51.82	48.18	0.0
20180303	51.82	48.18	0.0
20180304	65.41	34.43	0.1525
20180305	35.16	62.14	2.698
20180306	10.43	89.38	0.1823
20180307	58.27	41.73	0.0
20180308	58.05	41.8	0.1469
20180309	69.74	30.26	0.0
20180310	61.45	38.55	0.0
20180311	57.74	42.22	0.04106
20180312	56.96	43.01	0.02933
20180313	33.91	65.4	0.6921
20180314	33.34	65.44	1.226
20180315	45.0	55.0	0.0
20180316	66.91	33.09	0.0
20180317	67.84	32.16	0.0
20180318	59.78	39.94	0.2874
20180319	65.37	34.34	0.2874
20180320	64.02	35.69	0.2874
20180321	57.16	42.19	0.6452
20180322	57.14	42.19	0.6628
20180323	46.6	53.22	0.176
20180324	59.92	40.08	0.0
20180325	59.92	40.08	0.0
20180326	59.41	40.59	0.0
20180327	54.57	45.43	0.0
20180328	36.99	62.86	0.1466
20180329	36.63	63.07	0.2933
20180330	nan	nan	nan
20180331	nan	nan	nan
20180401	nan	nan	nan
20180402	nan	nan	nan
20180403	0.07893	99.8	0.1214
20180404	1.821	98.06	0.1178
20180405	2.193	97.69	0.1176
20180406	3.081	96.8	0.1176
20180407	3.081	96.08	0.8409
20180408	0.1936	99.51	0.2934
20180409	0.1935	99.33	0.4751
20180410	2.318	97.35	0.3295
20180411	2.349	97.32	0.3339
20180412	nan	nan	nan
20180413	nan	nan	nan
20180414	0.4223	99.58	0.0
20180415	0.434	99.57	0.0
20180416	2.657	97.34	0.0
20180417	0.7273	99.27	0.0
20180418	0.1173	99.88	0.0
20180419	0.1173	99.88	0.0
20180420	2.405	97.6	0.0
20180421	9.425	90.57	0.0
20180422	18.19	81.81	0.0
20180423	15.12	82.35	2.534
20180424	15.72	82.51	1.771
20180425	nan	nan	nan
20180426	nan	nan	nan
20180427	nan	nan	nan
20180428	nan	nan	nan
20180429	nan	nan	nan
20180430	nan	nan	nan
20180501	nan	nan	nan
20180502	nan	nan	nan
20180503	nan	nan	nan
20180504	nan	nan	nan
20180505	nan	nan	nan
20180506	nan	nan	nan
20180507	nan	nan	nan
20180508	nan	nan	nan
20180509	nan	nan	nan
20180510	0.1632	29.58	70.25
20180511	0.005982	16.31	83.69
20180512	0.005982	16.28	83.72
20180513	0.00603	15.72	84.27
20180514	0.0	4.709	95.29
20180515	0.0	4.353	95.65
20180516	0.0	2.165	97.84
20180517	0.0	1.381	98.62
20180518	0.0	0.7651	99.23
20180519	0.0	0.7651	99.23
20180520	0.0	0.5427	99.46
20180521	0.0	0.5439	99.46
20180522	0.0	0.5495	99.45
20180523	0.0	1.21	98.79
20180524	nan	nan	nan
20180525	0.0	0.4153	99.58
20180526	0.0	0.2575	99.74
20180527	0.005989	0.2575	99.74
20180528	0.005968	0.2566	99.74
20180529	0.005968	0.2566	99.74
20180530	0.005984	0.0	99.99
20180531	0.005954	0.0	99.99
20180601	0.0	0.0	100.0
20180602	0.0	0.0	100.0
20180603	0.0	0.0	100.0
20180604	0.0	0.0	100.0
20180605	0.0	6.932	93.07
20180606	0.0	6.53	93.47
20180607	0.0	6.773	93.23
20180608	nan	nan	nan
20180609	nan	nan	nan
20180610	nan	nan	nan
20180611	nan	nan	nan
20180612	nan	nan	nan
20180613	nan	nan	nan
20180614	nan	nan	nan
20180615	nan	nan	nan
20180616	nan	nan	nan
20180617	0.0	0.0	100.0
20180618	0.0	0.0	100.0
20180619	0.0	0.0	100.0
20180620	0.0	0.8311	99.17
20180621	0.0	0.8311	99.17
20180622	0.0	0.8311	99.17
20180623	0.0	0.8311	99.17
20180624	nan	nan	nan
20180625	nan	nan	nan
20180626	nan	nan	nan
20180627	nan	nan	nan
20180628	nan	nan	nan
20180629	nan	nan	nan
20180630	nan	nan	nan
20180701	0.0	0.0	100.0
20180702	0.0	0.0	100.0
20180703	0.0	0.0	100.0
20180704	0.0	0.0	100.0
20180705	0.0	0.0	100.0
20180706	0.0	0.0	100.0
20180707	0.0	0.0	100.0
20180708	0.0	0.0	100.0
20180709	nan	nan	nan
20180710	0.005898	0.0	99.99
20180711	0.0	0.0	100.0
20180712	0.0	0.0	100.0
20180713	0.0	0.0	100.0
20180714	0.02934	0.0	99.97
20180715	0.08215	0.0	99.92
20180716	0.08215	0.0	99.92
20180717	0.005868	0.0	99.99
20180718	0.0	0.0	100.0
20180719	0.0	0.0	100.0
20180720	0.0	0.0	100.0
20180721	0.0235	0.0	99.98
20180722	0.02937	0.0	99.97
20180723	0.02937	0.0	99.97
20180724	0.02948	0.0	99.97
20180725	0.01803	0.0	99.98
20180726	0.01814	0.0	99.98
20180727	0.01179	0.0	99.99
20180728	0.0	0.0	100.0
20180729	0.0	0.0	100.0
20180730	0.0	0.0	100.0
20180731	0.0	0.0	100.0
20180801	0.0	0.0	100.0
20180802	0.04108	0.0	99.96
20180803	0.04122	0.0	99.96
20180804	0.04124	0.0	99.96
20180805	0.0	0.0	100.0
20180806	0.0	0.0	100.0
20180807	0.01202	0.0	99.99
20180808	0.01205	0.0	99.99
20180809	0.01205	0.0	99.99
20180810	0.03003	0.0	99.97
20180811	0.03003	0.0	99.97
20180812	nan	nan	nan
20180813	nan	nan	nan
20180814	nan	nan	nan
20180815	nan	nan	nan
20180816	nan	nan	nan
20180817	nan	nan	nan
20180818	nan	nan	nan
20180819	nan	nan	nan
20180820	nan	nan	nan
20180821	nan	nan	nan
20180822	0.0	0.3007	99.7
20180823	0.0	0.2995	99.7
20180824	0.0	0.2995	99.7
20180825	0.0	0.3037	99.7
20180826	0.04748	0.2968	99.66
20180827	0.1293	0.0	99.87
20180828	0.0235	0.0	99.98
20180829	0.02357	0.0	99.98
20180830	0.02359	0.0	99.98
20180831	0.07069	0.08837	99.84
20180901	0.04707	0.08826	99.86
20180902	0.04709	0.08829	99.86
20180903	0.005911	0.0	99.99
20180904	0.005888	0.0	99.99
20180905	0.005885	0.0	99.99
20180906	0.0	0.0	100.0
20180907	0.005884	0.0	99.99
20180908	0.0	0.0	100.0
20180909	0.0	0.0	100.0
20180910	0.0	0.0	100.0
20180911	0.0	0.0	100.0
20180912	0.04106	0.0	99.96
20180913	0.03519	0.0	99.96
20180914	0.03526	0.0	99.96
20180915	0.03537	0.0	99.96
20180916	0.03651	2.044	97.92
20180917	0.0355	0.1361	99.83
20180918	0.03577	0.1371	99.83
20180919	0.01789	15.7	84.28
20180920	nan	nan	nan
20180921	nan	nan	nan
20180922	0.0	4.138	95.86
20180923	0.0	4.138	95.86
20180924	0.01217	4.27	95.72
20180925	0.01222	4.627	95.36
20180926	nan	nan	nan
20180927	0.0677	15.67	84.26
20180928	0.05449	14.16	85.78
20180929	nan	nan	nan
20180930	nan	nan	nan
20181001	nan	nan	nan
20181002	nan	nan	nan
20181003	nan	nan	nan
20181004	nan	nan	nan
20181005	nan	nan	nan
20181006	nan	nan	nan
20181007	nan	nan	nan
20181008	nan	nan	nan
20181009	nan	nan	nan
20181010	nan	nan	nan
20181011	nan	nan	nan
20181012	nan	nan	nan
20181013	nan	nan	nan
20181014	nan	nan	nan
20181015	nan	nan	nan
20181016	nan	nan	nan
20181017	0.0	12.35	87.65
20181018	0.02981	7.513	92.46
20181019	0.0	21.37	78.63
20181020	0.0	21.37	78.63
20181021	0.0	34.26	65.74
20181022	0.0	26.51	73.49
20181023	17.48	18.89	63.63
20181024	16.13	38.0	45.87
20181025	45.94	14.92	39.14
20181026	60.89	16.35	22.76
20181027	31.9	32.26	35.84
20181028	22.44	20.88	56.68
20181029	29.2	21.38	49.41
20181030	92.62	3.894	3.49
20181031	94.18	3.015	2.809
20181101	45.9	38.38	15.72
20181102	45.9	38.38	15.72
20181103	42.34	42.12	15.54
20181104	42.4	42.15	15.45
20181105	40.2	44.59	15.21
20181106	nan	nan	nan
20181107	nan	nan	nan
20181108	nan	nan	nan
20181109	nan	nan	nan
20181110	nan	nan	nan
20181111	nan	nan	nan
20181112	nan	nan	nan
20181113	nan	nan	nan
20181114	nan	nan	nan
20181115	nan	nan	nan
20181116	nan	nan	nan
20181117	nan	nan	nan
20181118	nan	nan	nan
20181119	nan	nan	nan
20181120	nan	nan	nan
20181121	nan	nan	nan
20181122	nan	nan	nan
20181123	nan	nan	nan
20181124	nan	nan	nan
20181125	nan	nan	nan
20181126	nan	nan	nan
20181127	nan	nan	nan
20181128	nan	nan	nan
20181129	nan	nan	nan
20181130	nan	nan	nan
20181201	nan	nan	nan
20181202	nan	nan	nan
20181203	nan	nan	nan
20181204	nan	nan	nan
20181205	nan	nan	nan
20181206	nan	nan	nan
20181207	nan	nan	nan
20181208	nan	nan	nan
20181209	nan	nan	nan
20181210	nan	nan	nan
20181211	nan	nan	nan
20181212	nan	nan	nan
20181213	nan	nan	nan
20181214	nan	nan	nan
20181215	nan	nan	nan
20181216	nan	nan	nan
20181217	100.0	0.0	0.0
20181218	100.0	0.0	0.0
20181219	100.0	0.0	0.0
20181220	100.0	0.0	0.0
20181221	100.0	0.0	0.0
20181222	100.0	0.0	0.0
20181223	100.0	0.0	0.0
20181224	100.0	0.0	0.0
20181225	100.0	0.0	0.0
20181226	100.0	0.0	0.0
20181227	100.0	0.0	0.0
20181228	100.0	0.0	0.0
20181229	nan	nan	nan
20181230	nan	nan	nan
20181231	nan	nan	nan
20190101	nan	nan	nan
20190102	nan	nan	nan
20190103	nan	nan	nan
20190104	nan	nan	nan
20190105	nan	nan	nan
20190106	nan	nan	nan
20190107	nan	nan	nan
20190108	nan	nan	nan
20190109	nan	nan	nan
20190110	nan	nan	nan
20190111	nan	nan	nan
20190112	nan	nan	nan
20190113	nan	nan	nan
20190114	nan	nan	nan
20190115	nan	nan	nan
20190116	nan	nan	nan
20190117	nan	nan	nan
20190118	nan	nan	nan
20190119	nan	nan	nan
20190120	nan	nan	nan
20190121	nan	nan	nan
20190122	nan	nan	nan
20190123	nan	nan	nan
20190124	nan	nan	nan
20190125	nan	nan	nan
20190126	nan	nan	nan
20190127	nan	nan	nan
20190128	nan	nan	nan
20190129	nan	nan	nan
20190130	nan	nan	nan
20190131	nan	nan	nan
20190201	nan	nan	nan
20190202	nan	nan	nan
20190203	nan	nan	nan
20190204	nan	nan	nan
20190205	nan	nan	nan
20190206	54.14	45.56	0.3053
20190207	51.63	45.3	3.074
20190208	86.5	13.34	0.1644
20190209	37.62	60.71	1.661
20190210	82.06	17.71	0.2346
20190211	86.48	13.4	0.1232
20190212	53.71	46.04	0.2463
20190213	48.67	50.4	0.9267
20190214	39.35	59.2	1.455
20190215	11.19	87.98	0.8328
20190216	11.2	87.97	0.8336
20190217	2.812	96.3	0.8864
20190218	6.178	92.93	0.891
20190219	6.187	92.92	0.8949
20190220	41.79	58.21	0.0
20190221	10.63	89.22	0.1475
20190222	10.71	89.14	0.1516
20190223	10.1	89.75	0.1513
20190224	nan	nan	nan
20190225	nan	nan	nan
20190226	17.1	81.56	1.343
20190227	nan	nan	nan
20190228	nan	nan	nan
20190301	nan	nan	nan
20190302	nan	nan	nan
20190303	nan	nan	nan
20190304	nan	nan	nan
20190305	nan	nan	nan
20190306	nan	nan	nan
20190307	nan	nan	nan
20190308	nan	nan	nan
20190309	nan	nan	nan
20190310	nan	nan	nan
20190311	0.5225	99.48	0.0
20190312	0.326	98.47	1.208
20190313	0.3257	98.47	1.206
20190314	0.3263	97.56	2.115
20190315	0.328	97.55	2.126
20190316	0.328	97.39	2.278
20190317	0.2753	99.13	0.5985
20190318	0.0	99.09	0.9138
20190319	nan	nan	nan
20190320	0.0	99.08	0.9185
20190321	nan	nan	nan
20190322	0.0	99.7	0.3035
20190323	0.0	99.7	0.3035
20190324	nan	nan	nan
20190325	nan	nan	nan
20190326	nan	nan	nan
20190327	nan	nan	nan
20190328	nan	nan	nan
20190329	nan	nan	nan
20190330	nan	nan	nan
20190331	nan	nan	nan
20190401	nan	nan	nan
20190402	nan	nan	nan
20190403	nan	nan	nan
20190404	nan	nan	nan
20190405	7.571	92.43	0.0
20190406	0.07625	99.92	0.0
20190407	0.07625	99.92	0.0
20190408	0.07625	99.92	0.0
20190409	0.07625	99.92	0.0
20190410	0.0	100.0	0.0
20190411	0.0	100.0	0.0
20190412	0.0	100.0	0.0
20190413	0.0	100.0	0.0
20190414	0.0	99.85	0.1482
20190415	2.99	96.86	0.151
20190416	2.651	97.2	0.1527
20190417	nan	nan	nan
20190418	nan	nan	nan
20190419	nan	nan	nan
20190420	nan	nan	nan
20190421	nan	nan	nan
20190422	nan	nan	nan
20190423	nan	nan	nan
20190424	nan	nan	nan
20190425	nan	nan	nan
20190426	0.005865	0.0	99.99
20190427	3.408	0.0	96.59
20190428	3.695	67.01	29.3
20190429	10.61	59.52	29.87
20190430	10.79	59.38	29.84
20190501	20.21	50.48	29.31
20190502	20.21	50.48	29.31
20190503	nan	nan	nan
20190504	nan	nan	nan
20190505	nan	nan	nan
20190506	nan	nan	nan
20190507	nan	nan	nan
20190508	nan	nan	nan
20190509	nan	nan	nan
20190510	nan	nan	nan
20190511	nan	nan	nan
20190512	nan	nan	nan
20190513	nan	nan	nan
20190514	nan	nan	nan
20190515	nan	nan	nan
20190516	nan	nan	nan
