Date	WetSnow	DrySnow	BareGround
20140920	nan	nan	nan
20140921	nan	nan	nan
20140922	nan	nan	nan
20140923	nan	nan	nan
20140924	nan	nan	nan
20140925	nan	nan	nan
20140926	nan	nan	nan
20140927	nan	nan	nan
20140928	nan	nan	nan
20140929	nan	nan	nan
20140930	nan	nan	nan
20141001	nan	nan	nan
20141002	nan	nan	nan
20141003	nan	nan	nan
20141004	nan	nan	nan
20141005	nan	nan	nan
20141006	11.68	0.4595	87.86
20141007	10.26	0.4369	89.31
20141008	9.451	0.3286	90.22
20141009	8.658	0.2563	91.09
20141010	6.814	0.2159	92.97
20141011	6.286	0.1713	93.54
20141012	5.651	0.1595	94.19
20141013	5.631	0.1595	94.21
20141014	5.633	0.1595	94.21
20141015	5.573	0.1595	94.27
20141016	5.28	0.1591	94.56
20141017	17.14	9.414	73.45
20141018	17.02	9.419	73.56
20141019	16.52	9.23	74.25
20141020	16.28	9.211	74.51
20141021	nan	nan	nan
20141022	nan	nan	nan
20141023	nan	nan	nan
20141024	nan	nan	nan
20141025	nan	nan	nan
20141026	nan	nan	nan
20141027	nan	nan	nan
20141028	nan	nan	nan
20141029	nan	nan	nan
20141030	nan	nan	nan
20141031	nan	nan	nan
20141101	nan	nan	nan
20141102	nan	nan	nan
20141103	nan	nan	nan
20141104	nan	nan	nan
20141105	nan	nan	nan
20141106	nan	nan	nan
20141107	nan	nan	nan
20141108	nan	nan	nan
20141109	nan	nan	nan
20141110	nan	nan	nan
20141111	nan	nan	nan
20141112	nan	nan	nan
20141113	nan	nan	nan
20141114	nan	nan	nan
20141115	nan	nan	nan
20141116	nan	nan	nan
20141117	nan	nan	nan
20141118	nan	nan	nan
20141119	nan	nan	nan
20141120	nan	nan	nan
20141121	nan	nan	nan
20141122	nan	nan	nan
20141123	nan	nan	nan
20141124	nan	nan	nan
20141125	nan	nan	nan
20141126	nan	nan	nan
20141127	nan	nan	nan
20141128	nan	nan	nan
20141129	nan	nan	nan
20141130	nan	nan	nan
20141201	nan	nan	nan
20141202	nan	nan	nan
20141203	nan	nan	nan
20141204	nan	nan	nan
20141205	nan	nan	nan
20141206	nan	nan	nan
20141207	nan	nan	nan
20141208	nan	nan	nan
20141209	nan	nan	nan
20141210	nan	nan	nan
20141211	nan	nan	nan
20141212	nan	nan	nan
20141213	nan	nan	nan
20141214	nan	nan	nan
20141215	nan	nan	nan
20141216	nan	nan	nan
20141217	nan	nan	nan
20141218	nan	nan	nan
20141219	nan	nan	nan
20141220	nan	nan	nan
20141221	nan	nan	nan
20141222	nan	nan	nan
20141223	nan	nan	nan
20141224	nan	nan	nan
20141225	nan	nan	nan
20141226	nan	nan	nan
20141227	nan	nan	nan
20141228	nan	nan	nan
20141229	nan	nan	nan
20141230	nan	nan	nan
20141231	nan	nan	nan
20150101	nan	nan	nan
20150102	nan	nan	nan
20150103	nan	nan	nan
20150104	nan	nan	nan
20150105	nan	nan	nan
20150106	nan	nan	nan
20150107	nan	nan	nan
20150108	nan	nan	nan
20150109	nan	nan	nan
20150110	nan	nan	nan
20150111	nan	nan	nan
20150112	nan	nan	nan
20150113	nan	nan	nan
20150114	nan	nan	nan
20150115	nan	nan	nan
20150116	nan	nan	nan
20150117	nan	nan	nan
20150118	nan	nan	nan
20150119	nan	nan	nan
20150120	nan	nan	nan
20150121	nan	nan	nan
20150122	nan	nan	nan
20150123	nan	nan	nan
20150124	nan	nan	nan
20150125	nan	nan	nan
20150126	nan	nan	nan
20150127	nan	nan	nan
20150128	nan	nan	nan
20150129	nan	nan	nan
20150130	nan	nan	nan
20150131	nan	nan	nan
20150201	nan	nan	nan
20150202	nan	nan	nan
20150203	nan	nan	nan
20150204	nan	nan	nan
20150205	nan	nan	nan
20150206	nan	nan	nan
20150207	nan	nan	nan
20150208	nan	nan	nan
20150209	nan	nan	nan
20150210	nan	nan	nan
20150211	nan	nan	nan
20150212	nan	nan	nan
20150213	nan	nan	nan
20150214	nan	nan	nan
20150215	nan	nan	nan
20150216	nan	nan	nan
20150217	nan	nan	nan
20150218	nan	nan	nan
20150219	nan	nan	nan
20150220	nan	nan	nan
20150221	nan	nan	nan
20150222	nan	nan	nan
20150223	nan	nan	nan
20150224	nan	nan	nan
20150225	nan	nan	nan
20150226	nan	nan	nan
20150227	nan	nan	nan
20150228	nan	nan	nan
20150301	nan	nan	nan
20150302	nan	nan	nan
20150303	nan	nan	nan
20150304	nan	nan	nan
20150305	nan	nan	nan
20150306	nan	nan	nan
20150307	nan	nan	nan
20150308	nan	nan	nan
20150309	nan	nan	nan
20150310	nan	nan	nan
20150311	nan	nan	nan
20150312	nan	nan	nan
20150313	nan	nan	nan
20150314	3.478	95.95	0.5685
20150315	3.456	95.53	1.017
20150316	nan	nan	nan
20150317	nan	nan	nan
20150318	nan	nan	nan
20150319	nan	nan	nan
20150320	nan	nan	nan
20150321	nan	nan	nan
20150322	nan	nan	nan
20150323	nan	nan	nan
20150324	nan	nan	nan
20150325	nan	nan	nan
20150326	1.706	97.65	0.6414
20150327	nan	nan	nan
20150328	nan	nan	nan
20150329	nan	nan	nan
20150330	nan	nan	nan
20150331	nan	nan	nan
20150401	nan	nan	nan
20150402	nan	nan	nan
20150403	nan	nan	nan
20150404	nan	nan	nan
20150405	nan	nan	nan
20150406	nan	nan	nan
20150407	nan	nan	nan
20150408	nan	nan	nan
20150409	nan	nan	nan
20150410	nan	nan	nan
20150411	nan	nan	nan
20150412	nan	nan	nan
20150413	nan	nan	nan
20150414	nan	nan	nan
20150415	nan	nan	nan
20150416	nan	nan	nan
20150417	nan	nan	nan
20150418	nan	nan	nan
20150419	nan	nan	nan
20150420	nan	nan	nan
20150421	nan	nan	nan
20150422	nan	nan	nan
20150423	nan	nan	nan
20150424	24.23	75.67	0.09453
20150425	24.15	75.67	0.1862
20150426	7.376	92.46	0.1602
20150427	6.366	93.48	0.1534
20150428	6.366	93.48	0.1534
20150429	6.338	93.42	0.2377
20150430	6.335	93.35	0.3167
20150501	7.586	92.13	0.2807
20150502	7.566	92.09	0.3443
20150503	7.566	92.09	0.3443
20150504	9.036	90.66	0.2993
20150505	9.033	90.67	0.2994
20150506	63.88	35.9	0.2152
20150507	63.9	35.78	0.3157
20150508	87.21	12.52	0.269
20150509	90.31	9.45	0.2419
20150510	90.16	9.23	0.6105
20150511	90.31	8.559	1.132
20150512	90.31	8.559	1.132
20150513	83.5	15.52	0.9771
20150514	83.5	15.52	0.9771
20150515	83.57	15.47	0.9617
20150516	71.5	27.14	1.361
20150517	71.43	27.14	1.423
20150518	68.41	29.72	1.869
20150519	68.42	29.71	1.87
20150520	68.99	29.09	1.925
20150521	75.34	22.83	1.83
20150522	75.36	22.74	1.899
20150523	75.36	22.68	1.96
20150524	75.36	22.68	1.962
20150525	75.36	22.67	1.976
20150526	74.07	22.08	3.841
20150527	74.32	21.57	4.107
20150528	74.33	21.56	4.107
20150529	75.2	20.66	4.137
20150530	75.15	20.62	4.232
20150531	75.78	19.91	4.308
20150601	63.26	30.98	5.762
20150602	65.56	28.94	5.499
20150603	64.28	28.12	7.602
20150604	63.88	27.43	8.687
20150605	63.8	27.1	9.102
20150606	nan	nan	nan
20150607	nan	nan	nan
20150608	nan	nan	nan
20150609	nan	nan	nan
20150610	nan	nan	nan
20150611	nan	nan	nan
20150612	nan	nan	nan
20150613	nan	nan	nan
20150614	nan	nan	nan
20150615	nan	nan	nan
20150616	nan	nan	nan
20150617	nan	nan	nan
20150618	nan	nan	nan
20150619	nan	nan	nan
20150620	nan	nan	nan
20150621	nan	nan	nan
20150622	nan	nan	nan
20150623	nan	nan	nan
20150624	nan	nan	nan
20150625	nan	nan	nan
20150626	nan	nan	nan
20150627	nan	nan	nan
20150628	nan	nan	nan
20150629	nan	nan	nan
20150630	nan	nan	nan
20150701	nan	nan	nan
20150702	nan	nan	nan
20150703	nan	nan	nan
20150704	nan	nan	nan
20150705	nan	nan	nan
20150706	nan	nan	nan
20150707	nan	nan	nan
20150708	nan	nan	nan
20150709	nan	nan	nan
20150710	nan	nan	nan
20150711	nan	nan	nan
20150712	nan	nan	nan
20150713	nan	nan	nan
20150714	nan	nan	nan
20150715	19.88	2.911	77.21
20150716	19.88	2.911	77.21
20150717	21.01	2.799	76.19
20150718	19.87	2.769	77.36
20150719	nan	nan	nan
20150720	nan	nan	nan
20150721	nan	nan	nan
20150722	nan	nan	nan
20150723	13.23	1.834	84.94
20150724	nan	nan	nan
20150725	nan	nan	nan
20150726	nan	nan	nan
20150727	nan	nan	nan
20150728	nan	nan	nan
20150729	nan	nan	nan
20150730	nan	nan	nan
20150731	nan	nan	nan
20150801	nan	nan	nan
20150802	nan	nan	nan
20150803	nan	nan	nan
20150804	nan	nan	nan
20150805	nan	nan	nan
20150806	nan	nan	nan
20150807	nan	nan	nan
20150808	nan	nan	nan
20150809	nan	nan	nan
20150810	nan	nan	nan
20150811	nan	nan	nan
20150812	nan	nan	nan
20150813	nan	nan	nan
20150814	nan	nan	nan
20150815	2.993	0.1985	96.81
20150816	0.9451	0.09357	98.96
20150817	1.225	0.2014	98.57
20150818	0.4615	0.06119	99.48
20150819	0.1955	0.04665	99.76
20150820	1.656	0.2499	98.09
20150821	0.1426	0.05967	99.8
20150822	0.06944	0.03029	99.9
20150823	0.06898	0.03029	99.9
20150824	1.175	0.3007	98.52
20150825	1.471	0.3944	98.14
20150826	0.9418	0.2872	98.77
20150827	0.9296	0.2873	98.78
20150828	0.9291	0.2873	98.78
20150829	3.367	0.3479	96.28
20150830	3.056	0.3367	96.61
20150831	2.885	0.3224	96.79
20150901	5.61	0.4067	93.98
20150902	5.653	0.4102	93.94
20150903	5.67	0.4114	93.92
20150904	5.86	0.4157	93.72
20150905	nan	nan	nan
20150906	nan	nan	nan
20150907	nan	nan	nan
20150908	nan	nan	nan
20150909	nan	nan	nan
20150910	2.51	0.5891	96.9
20150911	0.458	0.3061	99.24
20150912	0.2245	0.1872	99.59
20150913	1.248	0.4727	98.28
20150914	0.266	0.2016	99.53
20150915	0.265	0.2015	99.53
20150916	0.2328	0.1927	99.57
20150917	2.754	0.9645	96.28
20150918	3.746	2.016	94.24
20150919	3.586	1.996	94.42
20150920	3.586	1.996	94.42
20150921	2.45	1.587	95.96
20150922	2.219	1.542	96.24
20150923	3.794	1.317	94.89
20150924	1.354	0.4761	98.17
20150925	nan	nan	nan
20150926	nan	nan	nan
20150927	nan	nan	nan
20150928	nan	nan	nan
20150929	nan	nan	nan
20150930	8.93	6.343	84.73
20151001	8.911	6.325	84.76
20151002	9.02	6.403	84.58
20151003	nan	nan	nan
20151004	9.976	28.03	61.99
20151005	9.393	61.05	29.55
20151006	nan	nan	nan
20151007	nan	nan	nan
20151008	nan	nan	nan
20151009	nan	nan	nan
20151010	nan	nan	nan
20151011	10.04	74.03	15.94
20151012	20.44	66.42	13.14
20151013	20.41	65.86	13.74
20151014	20.43	65.91	13.66
20151015	20.3	64.17	15.54
20151016	21.81	62.73	15.46
20151017	24.62	55.3	20.08
20151018	24.06	51.68	24.27
20151019	23.12	45.03	31.85
20151020	23.29	42.6	34.11
20151021	nan	nan	nan
20151022	nan	nan	nan
20151023	nan	nan	nan
20151024	nan	nan	nan
20151025	nan	nan	nan
20151026	nan	nan	nan
20151027	nan	nan	nan
20151028	nan	nan	nan
20151029	nan	nan	nan
20151030	nan	nan	nan
20151031	nan	nan	nan
20151101	nan	nan	nan
20151102	nan	nan	nan
20151103	nan	nan	nan
20151104	nan	nan	nan
20151105	nan	nan	nan
20151106	nan	nan	nan
20151107	nan	nan	nan
20151108	nan	nan	nan
20151109	nan	nan	nan
20151110	nan	nan	nan
20151111	nan	nan	nan
20151112	nan	nan	nan
20151113	nan	nan	nan
20151114	nan	nan	nan
20151115	nan	nan	nan
20151116	nan	nan	nan
20151117	nan	nan	nan
20151118	nan	nan	nan
20151119	nan	nan	nan
20151120	nan	nan	nan
20151121	nan	nan	nan
20151122	nan	nan	nan
20151123	nan	nan	nan
20151124	nan	nan	nan
20151125	nan	nan	nan
20151126	nan	nan	nan
20151127	nan	nan	nan
20151128	nan	nan	nan
20151129	nan	nan	nan
20151130	nan	nan	nan
20151201	nan	nan	nan
20151202	nan	nan	nan
20151203	nan	nan	nan
20151204	nan	nan	nan
20151205	nan	nan	nan
20151206	nan	nan	nan
20151207	nan	nan	nan
20151208	nan	nan	nan
20151209	nan	nan	nan
20151210	nan	nan	nan
20151211	nan	nan	nan
20151212	nan	nan	nan
20151213	nan	nan	nan
20151214	nan	nan	nan
20151215	nan	nan	nan
20151216	nan	nan	nan
20151217	nan	nan	nan
20151218	nan	nan	nan
20151219	nan	nan	nan
20151220	nan	nan	nan
20151221	nan	nan	nan
20151222	nan	nan	nan
20151223	nan	nan	nan
20151224	nan	nan	nan
20151225	nan	nan	nan
20151226	nan	nan	nan
20151227	nan	nan	nan
20151228	nan	nan	nan
20151229	nan	nan	nan
20151230	nan	nan	nan
20151231	nan	nan	nan
20160101	nan	nan	nan
20160102	nan	nan	nan
20160103	nan	nan	nan
20160104	nan	nan	nan
20160105	nan	nan	nan
20160106	nan	nan	nan
20160107	nan	nan	nan
20160108	nan	nan	nan
20160109	nan	nan	nan
20160110	nan	nan	nan
20160111	nan	nan	nan
20160112	nan	nan	nan
20160113	nan	nan	nan
20160114	nan	nan	nan
20160115	nan	nan	nan
20160116	nan	nan	nan
20160117	nan	nan	nan
20160118	nan	nan	nan
20160119	nan	nan	nan
20160120	nan	nan	nan
20160121	nan	nan	nan
20160122	nan	nan	nan
20160123	nan	nan	nan
20160124	nan	nan	nan
20160125	nan	nan	nan
20160126	nan	nan	nan
20160127	nan	nan	nan
20160128	nan	nan	nan
20160129	nan	nan	nan
20160130	nan	nan	nan
20160131	nan	nan	nan
20160201	nan	nan	nan
20160202	nan	nan	nan
20160203	nan	nan	nan
20160204	nan	nan	nan
20160205	nan	nan	nan
20160206	nan	nan	nan
20160207	nan	nan	nan
20160208	nan	nan	nan
20160209	nan	nan	nan
20160210	nan	nan	nan
20160211	nan	nan	nan
20160212	nan	nan	nan
20160213	nan	nan	nan
20160214	nan	nan	nan
20160215	nan	nan	nan
20160216	nan	nan	nan
20160217	nan	nan	nan
20160218	nan	nan	nan
20160219	nan	nan	nan
20160220	nan	nan	nan
20160221	nan	nan	nan
20160222	nan	nan	nan
20160223	nan	nan	nan
20160224	nan	nan	nan
20160225	nan	nan	nan
20160226	nan	nan	nan
20160227	nan	nan	nan
20160228	nan	nan	nan
20160229	nan	nan	nan
20160301	0.02852	99.78	0.187
20160302	0.02852	99.78	0.187
20160303	0.03506	99.78	0.187
20160304	0.0257	99.88	0.09719
20160305	0.0257	99.85	0.1271
20160306	0.0257	99.85	0.1271
20160307	0.02571	99.85	0.1272
20160308	0.02632	99.84	0.1302
20160309	0.01228	98.83	1.158
20160310	0.01228	98.81	1.181
20160311	0.0	99.18	0.8195
20160312	0.0	99.18	0.8195
20160313	0.0	99.18	0.8195
20160314	0.0	99.18	0.8195
20160315	14.37	84.88	0.7554
20160316	19.32	80.06	0.6223
20160317	19.32	80.06	0.6223
20160318	19.32	80.0	0.6779
20160319	19.33	79.99	0.6791
20160320	19.39	79.92	0.6814
20160321	8.579	91.19	0.2307
20160322	nan	nan	nan
20160323	nan	nan	nan
20160324	nan	nan	nan
20160325	nan	nan	nan
20160326	nan	nan	nan
20160327	nan	nan	nan
20160328	nan	nan	nan
20160329	nan	nan	nan
20160330	nan	nan	nan
20160331	nan	nan	nan
20160401	nan	nan	nan
20160402	0.6712	99.01	0.3161
20160403	0.6712	99.01	0.3161
20160404	0.5397	99.29	0.1749
20160405	0.5397	99.16	0.3028
20160406	1.614	98.06	0.3241
20160407	1.614	98.06	0.3241
20160408	2.352	97.34	0.3037
20160409	2.438	97.26	0.3037
20160410	2.438	97.26	0.3037
20160411	2.438	97.25	0.3156
20160412	2.438	97.25	0.3156
20160413	2.506	97.17	0.3222
20160414	nan	nan	nan
20160415	nan	nan	nan
20160416	nan	nan	nan
20160417	nan	nan	nan
20160418	2.067	97.92	0.01553
20160419	2.009	97.79	0.2009
20160420	3.866	95.96	0.1698
20160421	0.29	99.48	0.2251
20160422	0.29	99.48	0.2251
20160423	0.29	99.48	0.2251
20160424	0.2901	99.46	0.2537
20160425	0.2588	99.29	0.4527
20160426	0.3662	99.16	0.4787
20160427	0.3652	99.16	0.4787
20160428	56.4	43.11	0.4925
20160429	56.06	42.97	0.9725
20160430	78.71	20.52	0.7711
20160501	78.46	20.36	1.183
20160502	64.04	34.45	1.508
20160503	62.51	36.01	1.479
20160504	62.51	36.01	1.479
20160505	62.51	36.01	1.479
20160506	62.45	35.99	1.558
20160507	62.46	35.99	1.558
20160508	65.65	32.42	1.929
20160509	65.73	32.15	2.115
20160510	69.37	28.46	2.168
20160511	69.65	28.22	2.128
20160512	70.3	27.75	1.947
20160513	nan	nan	nan
20160514	nan	nan	nan
20160515	nan	nan	nan
20160516	nan	nan	nan
20160517	nan	nan	nan
20160518	nan	nan	nan
20160519	nan	nan	nan
20160520	nan	nan	nan
20160521	nan	nan	nan
20160522	nan	nan	nan
20160523	nan	nan	nan
20160524	nan	nan	nan
20160525	nan	nan	nan
20160526	nan	nan	nan
20160527	39.72	31.04	29.25
20160528	39.49	30.86	29.66
20160529	36.56	27.36	36.08
20160530	33.36	23.34	43.3
20160531	30.66	20.7	48.64
20160601	32.04	18.79	49.17
20160602	28.21	16.94	54.84
20160603	37.02	15.49	47.49
20160604	37.03	15.29	47.68
20160605	42.46	13.37	44.17
20160606	42.01	11.93	46.06
20160607	nan	nan	nan
20160608	nan	nan	nan
20160609	nan	nan	nan
20160610	nan	nan	nan
20160611	nan	nan	nan
20160612	nan	nan	nan
20160613	nan	nan	nan
20160614	nan	nan	nan
20160615	nan	nan	nan
20160616	nan	nan	nan
20160617	nan	nan	nan
20160618	nan	nan	nan
20160619	nan	nan	nan
20160620	nan	nan	nan
20160621	nan	nan	nan
20160622	nan	nan	nan
20160623	nan	nan	nan
20160624	nan	nan	nan
20160625	nan	nan	nan
20160626	nan	nan	nan
20160627	nan	nan	nan
20160628	nan	nan	nan
20160629	nan	nan	nan
20160630	nan	nan	nan
20160701	nan	nan	nan
20160702	nan	nan	nan
20160703	nan	nan	nan
20160704	nan	nan	nan
20160705	nan	nan	nan
20160706	nan	nan	nan
20160707	nan	nan	nan
20160708	nan	nan	nan
20160709	nan	nan	nan
20160710	nan	nan	nan
20160711	nan	nan	nan
20160712	nan	nan	nan
20160713	nan	nan	nan
20160714	nan	nan	nan
20160715	nan	nan	nan
20160716	nan	nan	nan
20160717	nan	nan	nan
20160718	nan	nan	nan
20160719	nan	nan	nan
20160720	nan	nan	nan
20160721	3.698	0.2958	96.01
20160722	0.1837	0.06482	99.75
20160723	1.101	0.519	98.38
20160724	0.953	0.3681	98.68
20160725	2.023	0.3289	97.65
20160726	2.318	0.362	97.32
20160727	2.232	0.3619	97.41
20160728	2.232	0.3619	97.41
20160729	1.9	0.3512	97.75
20160730	1.974	0.3726	97.65
20160731	2.866	0.4383	96.7
20160801	2.856	0.4388	96.71
20160802	5.227	0.3294	94.44
20160803	nan	nan	nan
20160804	3.741	0.7315	95.53
20160805	1.197	0.4282	98.37
20160806	3.262	0.6603	96.08
20160807	4.817	0.6305	94.55
20160808	4.817	0.6305	94.55
20160809	nan	nan	nan
20160810	nan	nan	nan
20160811	nan	nan	nan
20160812	nan	nan	nan
20160813	6.067	0.3642	93.57
20160814	7.169	0.3069	92.52
20160815	nan	nan	nan
20160816	2.074	0.4174	97.51
20160817	0.1483	0.09236	99.76
20160818	0.5288	0.4705	99.0
20160819	1.052	0.4313	98.52
20160820	0.6127	0.3096	99.08
20160821	0.6011	0.3096	99.09
20160822	0.09134	0.08901	99.82
20160823	3.351	0.3621	96.29
20160824	2.467	0.4856	97.05
20160825	2.423	0.4856	97.09
20160826	5.279	0.4022	94.32
20160827	5.171	0.3812	94.45
20160828	11.74	0.4944	87.76
20160829	10.77	0.4947	88.73
20160830	11.08	0.6708	88.25
20160831	11.58	0.6358	87.79
20160901	11.58	0.6358	87.79
20160902	11.6	0.6372	87.76
20160903	9.328	0.4301	90.24
20160904	nan	nan	nan
20160905	nan	nan	nan
20160906	nan	nan	nan
20160907	nan	nan	nan
20160908	nan	nan	nan
20160909	nan	nan	nan
20160910	nan	nan	nan
20160911	nan	nan	nan
20160912	nan	nan	nan
20160913	5.314	2.063	92.62
20160914	5.21	2.073	92.72
20160915	5.029	1.985	92.99
20160916	2.999	0.4883	96.51
20160917	1.966	0.5288	97.5
20160918	1.781	0.4855	97.73
20160919	3.763	5.659	90.58
20160920	3.514	5.418	91.07
20160921	3.054	0.4953	96.45
20160922	0.4422	0.2362	99.32
20160923	2.61	0.5377	96.85
20160924	4.093	0.4752	95.43
20160925	4.075	0.4752	95.45
20160926	3.962	0.4613	95.58
20160927	8.541	0.3383	91.12
20160928	8.641	0.8038	90.56
20160929	10.49	0.7547	88.76
20160930	14.66	1.425	83.91
20161001	17.25	1.909	80.84
20161002	15.4	3.121	81.47
20161003	nan	nan	nan
20161004	15.72	44.2	40.08
20161005	22.87	34.27	42.86
20161006	23.39	33.81	42.8
20161007	23.68	31.6	44.72
20161008	16.36	20.3	63.34
20161009	13.97	5.732	80.3
20161010	6.562	4.962	88.48
20161011	13.15	4.252	82.6
20161012	16.6	3.85	79.55
20161013	17.53	3.64	78.83
20161014	17.62	3.548	78.83
20161015	8.069	3.852	88.08
20161016	15.44	3.301	81.26
20161017	11.89	5.35	82.76
20161018	5.693	8.125	86.18
20161019	10.91	10.72	78.37
20161020	6.234	6.043	87.72
20161021	8.954	9.072	81.97
20161022	4.6	7.389	88.01
20161023	14.35	10.47	75.18
20161024	22.7	11.01	66.29
20161025	20.2	15.92	63.88
20161026	10.37	16.25	73.38
20161027	10.66	19.59	69.74
20161028	21.55	26.12	52.33
20161029	24.1	35.05	40.85
20161030	19.77	44.1	36.13
20161031	27.51	58.16	14.33
20161101	26.54	56.61	16.85
20161102	26.52	56.61	16.87
20161103	21.53	64.85	13.62
20161104	17.89	71.53	10.58
20161105	17.25	69.51	13.25
20161106	23.07	65.6	11.33
20161107	23.11	65.64	11.26
20161108	nan	nan	nan
20161109	nan	nan	nan
20161110	nan	nan	nan
20161111	nan	nan	nan
20161112	nan	nan	nan
20161113	nan	nan	nan
20161114	nan	nan	nan
20161115	nan	nan	nan
20161116	nan	nan	nan
20161117	nan	nan	nan
20161118	nan	nan	nan
20161119	nan	nan	nan
20161120	nan	nan	nan
20161121	nan	nan	nan
20161122	nan	nan	nan
20161123	nan	nan	nan
20161124	nan	nan	nan
20161125	nan	nan	nan
20161126	nan	nan	nan
20161127	nan	nan	nan
20161128	nan	nan	nan
20161129	nan	nan	nan
20161130	nan	nan	nan
20161201	nan	nan	nan
20161202	nan	nan	nan
20161203	nan	nan	nan
20161204	nan	nan	nan
20161205	nan	nan	nan
20161206	nan	nan	nan
20161207	nan	nan	nan
20161208	nan	nan	nan
20161209	nan	nan	nan
20161210	nan	nan	nan
20161211	nan	nan	nan
20161212	nan	nan	nan
20161213	nan	nan	nan
20161214	nan	nan	nan
20161215	nan	nan	nan
20161216	nan	nan	nan
20161217	nan	nan	nan
20161218	nan	nan	nan
20161219	nan	nan	nan
20161220	nan	nan	nan
20161221	nan	nan	nan
20161222	nan	nan	nan
20161223	nan	nan	nan
20161224	nan	nan	nan
20161225	nan	nan	nan
20161226	nan	nan	nan
20161227	nan	nan	nan
20161228	nan	nan	nan
20161229	nan	nan	nan
20161230	nan	nan	nan
20161231	nan	nan	nan
20170101	nan	nan	nan
20170102	nan	nan	nan
20170103	nan	nan	nan
20170104	nan	nan	nan
20170105	nan	nan	nan
20170106	nan	nan	nan
20170107	nan	nan	nan
20170108	nan	nan	nan
20170109	nan	nan	nan
20170110	nan	nan	nan
20170111	nan	nan	nan
20170112	nan	nan	nan
20170113	nan	nan	nan
20170114	nan	nan	nan
20170115	nan	nan	nan
20170116	nan	nan	nan
20170117	nan	nan	nan
20170118	nan	nan	nan
20170119	nan	nan	nan
20170120	nan	nan	nan
20170121	nan	nan	nan
20170122	nan	nan	nan
20170123	nan	nan	nan
20170124	nan	nan	nan
20170125	nan	nan	nan
20170126	nan	nan	nan
20170127	nan	nan	nan
20170128	nan	nan	nan
20170129	nan	nan	nan
20170130	nan	nan	nan
20170131	nan	nan	nan
20170201	nan	nan	nan
20170202	nan	nan	nan
20170203	nan	nan	nan
20170204	nan	nan	nan
20170205	nan	nan	nan
20170206	nan	nan	nan
20170207	nan	nan	nan
20170208	nan	nan	nan
20170209	1.045	98.61	0.3451
20170210	1.045	98.61	0.3451
20170211	0.9155	98.78	0.3077
20170212	5.46	94.25	0.2902
20170213	42.76	56.87	0.3687
20170214	38.32	61.14	0.5459
20170215	38.38	61.1	0.5234
20170216	38.6	60.87	0.5263
20170217	38.87	60.58	0.5485
20170218	nan	nan	nan
20170219	nan	nan	nan
20170220	nan	nan	nan
20170221	nan	nan	nan
20170222	nan	nan	nan
20170223	nan	nan	nan
20170224	nan	nan	nan
20170225	nan	nan	nan
20170226	nan	nan	nan
20170227	nan	nan	nan
20170228	nan	nan	nan
20170301	nan	nan	nan
20170302	nan	nan	nan
20170303	nan	nan	nan
20170304	nan	nan	nan
20170305	nan	nan	nan
20170306	0.004269	99.63	0.3704
20170307	0.009531	99.62	0.3722
20170308	0.007569	99.76	0.2332
20170309	0.0114	99.78	0.2103
20170310	0.01141	99.66	0.3299
20170311	0.009499	99.72	0.2702
20170312	0.01762	99.63	0.3543
20170313	0.0181	99.62	0.3639
20170314	nan	nan	nan
20170315	nan	nan	nan
20170316	nan	nan	nan
20170317	nan	nan	nan
20170318	nan	nan	nan
20170319	nan	nan	nan
20170320	nan	nan	nan
20170321	nan	nan	nan
20170322	nan	nan	nan
20170323	nan	nan	nan
20170324	nan	nan	nan
20170325	nan	nan	nan
20170326	nan	nan	nan
20170327	nan	nan	nan
20170328	nan	nan	nan
20170329	nan	nan	nan
20170330	nan	nan	nan
20170331	nan	nan	nan
20170401	nan	nan	nan
20170402	nan	nan	nan
20170403	nan	nan	nan
20170404	nan	nan	nan
20170405	nan	nan	nan
20170406	nan	nan	nan
20170407	nan	nan	nan
20170408	8.65	91.31	0.03641
20170409	nan	nan	nan
20170410	nan	nan	nan
20170411	nan	nan	nan
20170412	nan	nan	nan
20170413	nan	nan	nan
20170414	nan	nan	nan
20170415	nan	nan	nan
20170416	nan	nan	nan
20170417	nan	nan	nan
20170418	nan	nan	nan
20170419	nan	nan	nan
20170420	nan	nan	nan
20170421	nan	nan	nan
20170422	nan	nan	nan
20170423	nan	nan	nan
20170424	nan	nan	nan
20170425	nan	nan	nan
20170426	3.336	96.66	0.0
20170427	3.289	96.71	0.0
20170428	0.1235	99.88	0.0
20170429	0.3727	99.63	0.0
20170430	0.3727	99.63	0.0
20170501	0.7417	99.26	0.0
20170502	0.7599	99.24	0.0
20170503	2.473	97.53	0.0
20170504	2.519	97.48	0.0
20170505	72.82	27.16	0.01864
20170506	nan	nan	nan
20170507	nan	nan	nan
20170508	nan	nan	nan
20170509	nan	nan	nan
20170510	nan	nan	nan
20170511	nan	nan	nan
20170512	nan	nan	nan
20170513	nan	nan	nan
20170514	12.72	87.27	0.01143
20170515	22.53	77.47	0.0004659
20170516	14.3	85.7	0.0004659
20170517	24.6	75.4	0.0004659
20170518	36.11	63.86	0.02889
20170519	85.75	14.21	0.03634
20170520	90.41	9.557	0.03401
20170521	92.74	7.228	0.03309
20170522	92.87	7.1	0.03274
20170523	91.94	8.028	0.03181
20170524	90.01	9.96	0.03181
20170525	91.39	8.603	0.004741
20170526	89.23	10.74	0.03356
20170527	81.4	18.39	0.2171
20170528	85.3	14.5	0.2041
20170529	84.96	14.83	0.2098
20170530	84.66	15.16	0.186
20170531	83.23	16.64	0.1322
20170601	85.85	14.02	0.1303
20170602	83.3	16.56	0.1423
20170603	38.69	61.1	0.2061
20170604	55.8	44.0	0.203
20170605	50.57	49.21	0.2175
20170606	80.35	19.46	0.1854
20170607	59.93	39.61	0.462
20170608	64.66	32.92	2.412
20170609	64.47	31.03	4.495
20170610	58.39	33.79	7.82
20170611	57.21	34.29	8.507
20170612	48.02	42.64	9.337
20170613	51.17	37.81	11.02
20170614	nan	nan	nan
20170615	nan	nan	nan
20170616	nan	nan	nan
20170617	nan	nan	nan
20170618	nan	nan	nan
20170619	nan	nan	nan
20170620	nan	nan	nan
20170621	nan	nan	nan
20170622	nan	nan	nan
20170623	nan	nan	nan
20170624	nan	nan	nan
20170625	nan	nan	nan
20170626	nan	nan	nan
20170627	nan	nan	nan
20170628	nan	nan	nan
20170629	nan	nan	nan
20170630	nan	nan	nan
20170701	nan	nan	nan
20170702	nan	nan	nan
20170703	nan	nan	nan
20170704	nan	nan	nan
20170705	nan	nan	nan
20170706	nan	nan	nan
20170707	nan	nan	nan
20170708	nan	nan	nan
20170709	nan	nan	nan
20170710	nan	nan	nan
20170711	nan	nan	nan
20170712	nan	nan	nan
20170713	nan	nan	nan
20170714	nan	nan	nan
20170715	nan	nan	nan
20170716	nan	nan	nan
20170717	nan	nan	nan
20170718	nan	nan	nan
20170719	nan	nan	nan
20170720	nan	nan	nan
20170721	nan	nan	nan
20170722	nan	nan	nan
20170723	14.34	0.7114	84.94
20170724	15.33	0.7286	83.94
20170725	8.458	0.2973	91.24
20170726	10.2	0.1881	89.61
20170727	10.66	0.3098	89.03
20170728	8.725	0.3046	90.97
20170729	6.003	0.2521	93.75
20170730	9.994	0.3652	89.64
20170731	14.06	0.1711	85.77
20170801	16.01	0.1736	83.82
20170802	16.0	0.306	83.69
20170803	nan	nan	nan
20170804	nan	nan	nan
20170805	nan	nan	nan
20170806	nan	nan	nan
20170807	nan	nan	nan
20170808	nan	nan	nan
20170809	nan	nan	nan
20170810	nan	nan	nan
20170811	nan	nan	nan
20170812	nan	nan	nan
20170813	nan	nan	nan
20170814	nan	nan	nan
20170815	nan	nan	nan
20170816	8.47	0.319	91.21
20170817	11.51	0.304	88.19
20170818	nan	nan	nan
20170819	nan	nan	nan
20170820	nan	nan	nan
20170821	nan	nan	nan
20170822	nan	nan	nan
20170823	nan	nan	nan
20170824	nan	nan	nan
20170825	nan	nan	nan
20170826	nan	nan	nan
20170827	nan	nan	nan
20170828	nan	nan	nan
20170829	nan	nan	nan
20170830	nan	nan	nan
20170831	nan	nan	nan
20170901	nan	nan	nan
20170902	nan	nan	nan
20170903	nan	nan	nan
20170904	4.205	0.4905	95.3
20170905	5.547	0.3008	94.15
20170906	6.44	0.3388	93.22
20170907	3.037	0.5991	96.36
20170908	5.94	0.3499	93.71
20170909	5.831	0.3656	93.8
20170910	11.08	1.45	87.47
20170911	10.94	1.843	87.22
20170912	12.99	8.743	78.27
20170913	13.45	8.774	77.77
20170914	nan	nan	nan
20170915	nan	nan	nan
20170916	nan	nan	nan
20170917	nan	nan	nan
20170918	nan	nan	nan
20170919	nan	nan	nan
20170920	nan	nan	nan
20170921	nan	nan	nan
20170922	nan	nan	nan
20170923	nan	nan	nan
20170924	8.006	0.3562	91.64
20170925	9.391	0.3415	90.27
20170926	5.394	0.4077	94.2
20170927	2.353	0.1759	97.47
20170928	1.78	0.5531	97.67
20170929	2.286	0.3316	97.38
20170930	2.139	0.4488	97.41
20171001	1.406	0.5498	98.04
20171002	2.759	0.4371	96.8
20171003	2.894	4.456	92.65
20171004	12.18	3.633	84.18
20171005	12.38	3.54	84.08
20171006	16.76	3.164	80.08
20171007	17.1	3.318	79.58
20171008	nan	nan	nan
20171009	nan	nan	nan
20171010	nan	nan	nan
20171011	nan	nan	nan
20171012	nan	nan	nan
20171013	5.263	35.04	59.7
20171014	nan	nan	nan
20171015	nan	nan	nan
20171016	nan	nan	nan
20171017	nan	nan	nan
20171018	29.57	52.55	17.88
20171019	32.04	54.19	13.77
20171020	14.31	84.17	1.528
20171021	13.61	84.57	1.822
20171022	6.982	91.92	1.102
20171023	13.88	85.47	0.6494
20171024	10.28	88.87	0.8465
20171025	4.582	94.17	1.246
20171026	10.64	87.83	1.532
20171027	10.65	87.81	1.532
20171028	14.59	83.73	1.678
20171029	10.45	87.21	2.339
20171030	10.66	86.37	2.965
20171031	9.94	87.13	2.932
20171101	5.951	91.85	2.2
20171102	5.241	92.53	2.227
20171103	11.25	86.47	2.279
20171104	14.09	82.65	3.259
20171105	12.74	84.97	2.287
20171106	11.99	85.88	2.126
20171107	nan	nan	nan
20171108	nan	nan	nan
20171109	nan	nan	nan
20171110	nan	nan	nan
20171111	nan	nan	nan
20171112	nan	nan	nan
20171113	nan	nan	nan
20171114	nan	nan	nan
20171115	nan	nan	nan
20171116	nan	nan	nan
20171117	nan	nan	nan
20171118	nan	nan	nan
20171119	nan	nan	nan
20171120	nan	nan	nan
20171121	nan	nan	nan
20171122	nan	nan	nan
20171123	nan	nan	nan
20171124	nan	nan	nan
20171125	nan	nan	nan
20171126	nan	nan	nan
20171127	nan	nan	nan
20171128	nan	nan	nan
20171129	nan	nan	nan
20171130	nan	nan	nan
20171201	nan	nan	nan
20171202	nan	nan	nan
20171203	nan	nan	nan
20171204	nan	nan	nan
20171205	nan	nan	nan
20171206	nan	nan	nan
20171207	nan	nan	nan
20171208	nan	nan	nan
20171209	nan	nan	nan
20171210	nan	nan	nan
20171211	nan	nan	nan
20171212	nan	nan	nan
20171213	nan	nan	nan
20171214	nan	nan	nan
20171215	nan	nan	nan
20171216	nan	nan	nan
20171217	nan	nan	nan
20171218	nan	nan	nan
20171219	nan	nan	nan
20171220	nan	nan	nan
20171221	nan	nan	nan
20171222	nan	nan	nan
20171223	nan	nan	nan
20171224	nan	nan	nan
20171225	nan	nan	nan
20171226	nan	nan	nan
20171227	nan	nan	nan
20171228	nan	nan	nan
20171229	nan	nan	nan
20171230	nan	nan	nan
20171231	nan	nan	nan
20180101	nan	nan	nan
20180102	nan	nan	nan
20180103	nan	nan	nan
20180104	nan	nan	nan
20180105	nan	nan	nan
20180106	nan	nan	nan
20180107	nan	nan	nan
20180108	nan	nan	nan
20180109	nan	nan	nan
20180110	nan	nan	nan
20180111	nan	nan	nan
20180112	nan	nan	nan
20180113	nan	nan	nan
20180114	nan	nan	nan
20180115	nan	nan	nan
20180116	nan	nan	nan
20180117	nan	nan	nan
20180118	nan	nan	nan
20180119	nan	nan	nan
20180120	nan	nan	nan
20180121	nan	nan	nan
20180122	nan	nan	nan
20180123	nan	nan	nan
20180124	nan	nan	nan
20180125	nan	nan	nan
20180126	nan	nan	nan
20180127	nan	nan	nan
20180128	nan	nan	nan
20180129	nan	nan	nan
20180130	nan	nan	nan
20180131	nan	nan	nan
20180201	nan	nan	nan
20180202	nan	nan	nan
20180203	nan	nan	nan
20180204	nan	nan	nan
20180205	nan	nan	nan
20180206	nan	nan	nan
20180207	nan	nan	nan
20180208	nan	nan	nan
20180209	0.3727	99.02	0.6082
20180210	0.3643	99.14	0.4981
20180211	0.3244	96.05	3.621
20180212	0.1401	95.26	4.604
20180213	0.6845	96.43	2.889
20180214	0.5078	93.45	6.047
20180215	1.441	93.58	4.974
20180216	1.369	96.74	1.891
20180217	0.02523	99.49	0.4892
20180218	0.07164	99.62	0.3062
20180219	0.1239	98.59	1.288
20180220	2.673	97.07	0.2622
20180221	0.4266	99.41	0.1617
20180222	0.05415	99.82	0.1256
20180223	0.8627	98.82	0.3157
20180224	0.6516	99.16	0.1885
20180225	2.501	97.28	0.2233
20180226	1.972	96.2	1.827
20180227	2.275	97.4	0.3231
20180228	2.806	96.97	0.2192
20180301	2.778	97.02	0.2069
20180302	2.775	97.04	0.1836
20180303	nan	nan	nan
20180304	nan	nan	nan
20180305	nan	nan	nan
20180306	nan	nan	nan
20180307	nan	nan	nan
20180308	nan	nan	nan
20180309	2.907	97.09	0.002906
20180310	2.835	97.16	0.0004842
20180311	2.193	97.81	0.0
20180312	1.592	98.29	0.1185
20180313	1.192	98.67	0.1343
20180314	0.9094	98.99	0.09871
20180315	0.1154	99.87	0.0146
20180316	4.746	95.25	0.002808
20180317	5.135	94.86	0.002808
20180318	4.22	95.73	0.05012
20180319	4.19	95.76	0.04689
20180320	3.187	96.78	0.03618
20180321	3.996	95.98	0.01928
20180322	4.034	95.95	0.01948
20180323	nan	nan	nan
20180324	1.71	98.29	0.0004767
20180325	1.747	98.25	0.0004773
20180326	1.543	98.46	0.0004771
20180327	1.297	98.66	0.04208
20180328	4.099	95.89	0.01577
20180329	3.934	95.99	0.07611
20180330	nan	nan	nan
20180331	nan	nan	nan
20180401	nan	nan	nan
20180402	nan	nan	nan
20180403	nan	nan	nan
20180404	2.072	97.88	0.04861
20180405	1.484	98.52	0.0
20180406	1.49	98.51	0.0
20180407	1.083	98.92	0.0009682
20180408	0.1333	99.87	0.0
20180409	1.742	98.25	0.009024
20180410	nan	nan	nan
20180411	nan	nan	nan
20180412	nan	nan	nan
20180413	nan	nan	nan
20180414	11.76	88.24	0.0
20180415	13.5	86.5	0.0
20180416	32.12	67.88	0.0
20180417	11.8	88.2	0.0
20180418	8.605	91.37	0.02609
20180419	10.23	89.75	0.02609
20180420	70.37	29.6	0.02609
20180421	79.4	20.58	0.02283
20180422	78.12	21.86	0.02236
20180423	70.61	29.33	0.06243
20180424	74.37	25.59	0.04333
20180425	nan	nan	nan
20180426	nan	nan	nan
20180427	nan	nan	nan
20180428	nan	nan	nan
20180429	nan	nan	nan
20180430	nan	nan	nan
20180501	nan	nan	nan
20180502	nan	nan	nan
20180503	nan	nan	nan
20180504	nan	nan	nan
20180505	nan	nan	nan
20180506	84.47	14.98	0.5427
20180507	84.45	15.01	0.5427
20180508	69.57	29.81	0.6194
20180509	60.0	38.57	1.433
20180510	64.6	31.46	3.936
20180511	61.69	33.27	5.034
20180512	60.59	33.97	5.44
20180513	59.83	34.18	5.997
20180514	42.77	43.49	13.74
20180515	45.18	39.41	15.41
20180516	44.35	35.38	20.27
20180517	35.78	37.54	26.68
20180518	nan	nan	nan
20180519	nan	nan	nan
20180520	nan	nan	nan
20180521	nan	nan	nan
20180522	nan	nan	nan
20180523	nan	nan	nan
20180524	nan	nan	nan
20180525	nan	nan	nan
20180526	nan	nan	nan
20180527	nan	nan	nan
20180528	nan	nan	nan
20180529	nan	nan	nan
20180530	nan	nan	nan
20180531	nan	nan	nan
20180601	nan	nan	nan
20180602	nan	nan	nan
20180603	nan	nan	nan
20180604	nan	nan	nan
20180605	nan	nan	nan
20180606	nan	nan	nan
20180607	nan	nan	nan
20180608	nan	nan	nan
20180609	nan	nan	nan
20180610	nan	nan	nan
20180611	nan	nan	nan
20180612	nan	nan	nan
20180613	nan	nan	nan
20180614	nan	nan	nan
20180615	nan	nan	nan
20180616	nan	nan	nan
20180617	28.33	3.585	68.08
20180618	nan	nan	nan
20180619	nan	nan	nan
20180620	nan	nan	nan
20180621	nan	nan	nan
20180622	nan	nan	nan
20180623	nan	nan	nan
20180624	nan	nan	nan
20180625	nan	nan	nan
20180626	nan	nan	nan
20180627	nan	nan	nan
20180628	nan	nan	nan
20180629	nan	nan	nan
20180630	nan	nan	nan
20180701	14.36	3.302	82.34
20180702	10.52	1.855	87.62
20180703	12.02	1.654	86.33
20180704	13.46	1.559	84.98
20180705	14.69	1.1	84.21
20180706	14.62	1.101	84.28
20180707	14.58	1.102	84.32
20180708	11.09	0.5391	88.37
20180709	nan	nan	nan
20180710	7.654	0.4766	91.87
20180711	4.085	0.5523	95.36
20180712	2.8	0.4765	96.72
20180713	2.067	0.4347	97.5
20180714	2.96	0.3417	96.7
20180715	3.986	0.3657	95.65
20180716	3.402	0.4223	96.18
20180717	2.245	0.293	97.46
20180718	0.8801	0.1171	99.0
20180719	2.501	0.3344	97.16
20180720	1.711	0.2186	98.07
20180721	2.61	0.1885	97.2
20180722	4.377	0.2607	95.36
20180723	4.617	0.3153	95.07
20180724	4.432	0.3031	95.26
20180725	5.416	0.3467	94.24
20180726	4.391	0.3123	95.3
20180727	3.273	0.362	96.36
20180728	0.6217	0.5543	98.82
20180729	1.025	0.4037	98.57
20180730	0.9677	0.4859	98.55
20180731	0.6946	0.461	98.84
20180801	0.4575	0.07236	99.47
20180802	4.264	0.1107	95.63
20180803	5.752	0.3622	93.89
20180804	5.857	0.4049	93.74
20180805	4.611	0.3578	95.03
20180806	5.177	0.3796	94.44
20180807	nan	nan	nan
20180808	nan	nan	nan
20180809	nan	nan	nan
20180810	nan	nan	nan
20180811	nan	nan	nan
20180812	nan	nan	nan
20180813	nan	nan	nan
20180814	nan	nan	nan
20180815	nan	nan	nan
20180816	nan	nan	nan
20180817	nan	nan	nan
20180818	nan	nan	nan
20180819	nan	nan	nan
20180820	nan	nan	nan
20180821	nan	nan	nan
20180822	8.244	2.343	89.41
20180823	6.548	2.215	91.24
20180824	8.368	2.049	89.58
20180825	nan	nan	nan
20180826	7.478	1.051	91.47
20180827	7.76	1.022	91.22
20180828	3.076	0.597	96.33
20180829	3.39	0.5105	96.1
20180830	6.025	0.4897	93.49
20180831	7.155	0.1901	92.65
20180901	5.496	0.4096	94.09
20180902	6.232	0.5564	93.21
20180903	7.095	2.775	90.13
20180904	4.542	1.469	93.99
20180905	3.086	0.3691	96.54
20180906	1.155	0.04443	98.8
20180907	3.089	0.2875	96.62
20180908	4.439	0.3253	95.24
20180909	1.626	0.4021	97.97
20180910	1.029	0.3027	98.67
20180911	2.074	0.6058	97.32
20180912	4.42	0.2336	95.35
20180913	6.021	0.4115	93.57
20180914	6.082	1.496	92.42
20180915	10.27	1.475	88.26
20180916	nan	nan	nan
20180917	nan	nan	nan
20180918	nan	nan	nan
20180919	nan	nan	nan
20180920	nan	nan	nan
20180921	nan	nan	nan
20180922	nan	nan	nan
20180923	nan	nan	nan
20180924	nan	nan	nan
20180925	nan	nan	nan
20180926	nan	nan	nan
20180927	nan	nan	nan
20180928	nan	nan	nan
20180929	nan	nan	nan
20180930	nan	nan	nan
20181001	nan	nan	nan
20181002	nan	nan	nan
20181003	nan	nan	nan
20181004	nan	nan	nan
20181005	nan	nan	nan
20181006	nan	nan	nan
20181007	nan	nan	nan
20181008	nan	nan	nan
20181009	nan	nan	nan
20181010	nan	nan	nan
20181011	nan	nan	nan
20181012	nan	nan	nan
20181013	nan	nan	nan
20181014	nan	nan	nan
20181015	nan	nan	nan
20181016	nan	nan	nan
20181017	nan	nan	nan
20181018	32.47	22.24	45.29
20181019	31.8	32.26	35.94
20181020	29.56	36.97	33.47
20181021	32.18	40.82	27.0
20181022	27.81	46.74	25.45
20181023	33.51	48.24	18.25
20181024	7.469	74.66	17.87
20181025	33.42	57.33	9.243
20181026	38.82	53.57	7.608
20181027	24.41	68.69	6.898
20181028	21.03	68.77	10.21
20181029	17.4	74.07	8.529
20181030	37.74	58.89	3.373
20181031	45.88	51.64	2.481
20181101	20.86	75.85	3.287
20181102	30.08	67.06	2.867
20181103	27.03	69.62	3.35
20181104	54.8	43.13	2.074
20181105	47.33	49.26	3.41
20181106	43.85	51.4	4.753
20181107	nan	nan	nan
20181108	nan	nan	nan
20181109	nan	nan	nan
20181110	nan	nan	nan
20181111	nan	nan	nan
20181112	nan	nan	nan
20181113	nan	nan	nan
20181114	nan	nan	nan
20181115	nan	nan	nan
20181116	nan	nan	nan
20181117	nan	nan	nan
20181118	nan	nan	nan
20181119	nan	nan	nan
20181120	nan	nan	nan
20181121	nan	nan	nan
20181122	nan	nan	nan
20181123	nan	nan	nan
20181124	nan	nan	nan
20181125	nan	nan	nan
20181126	nan	nan	nan
20181127	nan	nan	nan
20181128	nan	nan	nan
20181129	nan	nan	nan
20181130	nan	nan	nan
20181201	nan	nan	nan
20181202	nan	nan	nan
20181203	nan	nan	nan
20181204	nan	nan	nan
20181205	nan	nan	nan
20181206	nan	nan	nan
20181207	nan	nan	nan
20181208	nan	nan	nan
20181209	nan	nan	nan
20181210	nan	nan	nan
20181211	nan	nan	nan
20181212	nan	nan	nan
20181213	nan	nan	nan
20181214	nan	nan	nan
20181215	nan	nan	nan
20181216	nan	nan	nan
20181217	nan	nan	nan
20181218	nan	nan	nan
20181219	nan	nan	nan
20181220	nan	nan	nan
20181221	nan	nan	nan
20181222	nan	nan	nan
20181223	nan	nan	nan
20181224	nan	nan	nan
20181225	nan	nan	nan
20181226	nan	nan	nan
20181227	nan	nan	nan
20181228	nan	nan	nan
20181229	nan	nan	nan
20181230	nan	nan	nan
20181231	nan	nan	nan
20190101	nan	nan	nan
20190102	nan	nan	nan
20190103	nan	nan	nan
20190104	nan	nan	nan
20190105	nan	nan	nan
20190106	nan	nan	nan
20190107	nan	nan	nan
20190108	nan	nan	nan
20190109	nan	nan	nan
20190110	nan	nan	nan
20190111	nan	nan	nan
20190112	nan	nan	nan
20190113	nan	nan	nan
20190114	nan	nan	nan
20190115	nan	nan	nan
20190116	nan	nan	nan
20190117	nan	nan	nan
20190118	nan	nan	nan
20190119	nan	nan	nan
20190120	nan	nan	nan
20190121	nan	nan	nan
20190122	nan	nan	nan
20190123	nan	nan	nan
20190124	nan	nan	nan
20190125	nan	nan	nan
20190126	nan	nan	nan
20190127	nan	nan	nan
20190128	nan	nan	nan
20190129	nan	nan	nan
20190130	nan	nan	nan
20190131	nan	nan	nan
20190201	nan	nan	nan
20190202	nan	nan	nan
20190203	nan	nan	nan
20190204	nan	nan	nan
20190205	nan	nan	nan
20190206	nan	nan	nan
20190207	nan	nan	nan
20190208	nan	nan	nan
20190209	3.679	95.82	0.4982
20190210	20.38	78.96	0.6503
20190211	23.59	75.76	0.645
20190212	17.7	81.47	0.8306
20190213	13.75	84.73	1.521
20190214	10.24	87.75	2.019
20190215	8.599	89.34	2.063
20190216	nan	nan	nan
20190217	2.862	94.6	2.54
20190218	4.292	93.36	2.345
20190219	3.942	93.74	2.314
20190220	nan	nan	nan
20190221	nan	nan	nan
20190222	nan	nan	nan
20190223	nan	nan	nan
20190224	65.75	33.91	0.3409
20190225	69.92	29.35	0.7306
20190226	75.4	24.08	0.5182
20190227	72.26	27.32	0.422
20190228	nan	nan	nan
20190301	nan	nan	nan
20190302	nan	nan	nan
20190303	nan	nan	nan
20190304	nan	nan	nan
20190305	nan	nan	nan
20190306	nan	nan	nan
20190307	nan	nan	nan
20190308	nan	nan	nan
20190309	nan	nan	nan
20190310	nan	nan	nan
20190311	nan	nan	nan
20190312	nan	nan	nan
20190313	nan	nan	nan
20190314	nan	nan	nan
20190315	nan	nan	nan
20190316	nan	nan	nan
20190317	nan	nan	nan
20190318	nan	nan	nan
20190319	nan	nan	nan
20190320	nan	nan	nan
20190321	nan	nan	nan
20190322	nan	nan	nan
20190323	nan	nan	nan
20190324	nan	nan	nan
20190325	nan	nan	nan
20190326	nan	nan	nan
20190327	nan	nan	nan
20190328	nan	nan	nan
20190329	nan	nan	nan
20190330	nan	nan	nan
20190331	nan	nan	nan
20190401	nan	nan	nan
20190402	nan	nan	nan
20190403	nan	nan	nan
20190404	nan	nan	nan
20190405	nan	nan	nan
20190406	0.01778	99.98	0.0
20190407	0.09779	99.9	0.0
20190408	0.05617	99.94	0.0
20190409	0.2546	99.75	0.0
20190410	0.2814	99.72	0.0
20190411	0.3413	99.66	0.0
20190412	0.3856	99.61	0.0
20190413	nan	nan	nan
20190414	nan	nan	nan
20190415	nan	nan	nan
20190416	nan	nan	nan
20190417	nan	nan	nan
20190418	nan	nan	nan
20190419	nan	nan	nan
20190420	nan	nan	nan
20190421	87.01	12.99	0.0
20190422	68.97	31.03	0.0
20190423	83.39	16.61	0.006542
20190424	87.53	12.46	0.004203
20190425	71.1	28.79	0.1049
20190426	25.74	0.009784	74.25
20190427	73.56	3.256	23.18
20190428	74.73	24.42	0.8503
20190429	75.63	23.41	0.9565
20190430	76.48	22.6	0.9174
20190501	84.87	14.39	0.7334
20190502	84.87	14.38	0.7422
20190503	84.94	14.64	0.4195
20190504	81.77	17.84	0.3851
20190505	78.86	20.88	0.2589
20190506	nan	nan	nan
20190507	nan	nan	nan
20190508	nan	nan	nan
20190509	61.39	38.5	0.1118
20190510	81.59	18.33	0.08745
20190511	78.6	20.94	0.4548
20190512	80.2	19.37	0.4246
20190513	84.26	15.35	0.3929
20190514	83.57	15.88	0.5487
20190515	82.35	16.76	0.8931
20190516	84.87	14.2	0.9251
20190517	73.61	24.67	1.723
20190518	74.99	21.91	3.1
20190519	62.33	33.82	3.848
20190520	63.51	32.6	3.887
20190521	61.39	34.59	4.018
20190522	nan	nan	nan
20190523	nan	nan	nan
20190524	nan	nan	nan
20190525	nan	nan	nan
20190526	nan	nan	nan
20190527	nan	nan	nan
20190528	nan	nan	nan
20190529	nan	nan	nan
20190530	nan	nan	nan
20190531	nan	nan	nan
20190601	nan	nan	nan
20190602	nan	nan	nan
