Date	WetSnow	DrySnow	BareGround
20140920	nan	nan	nan
20140921	nan	nan	nan
20140922	0.0	0.1004	99.9
20140923	0.0	0.03862	99.96
20140924	0.0	0.03858	99.96
20140925	0.0	0.03858	99.96
20140926	0.0	0.03858	99.96
20140927	0.0	0.03837	99.96
20140928	0.0	0.03392	99.97
20140929	0.0	0.03392	99.97
20140930	0.0	0.0	100.0
20141001	0.0	0.0	100.0
20141002	0.0	0.0	100.0
20141003	0.0	0.0	100.0
20141004	0.1735	0.0	99.83
20141005	0.1812	0.06861	99.75
20141006	0.0	0.002584	100.0
20141007	0.0	0.00258	100.0
20141008	0.0	0.00258	100.0
20141009	0.0	0.0	100.0
20141010	0.0	0.0	100.0
20141011	0.0	0.0	100.0
20141012	0.0	0.0	100.0
20141013	0.0	0.0	100.0
20141014	0.0	0.0	100.0
20141015	0.0	0.0	100.0
20141016	0.0	0.0	100.0
20141017	2.1	1.523	96.38
20141018	2.017	1.525	96.46
20141019	1.305	1.435	97.26
20141020	1.038	1.401	97.56
20141021	0.9891	1.401	97.61
20141022	0.7353	1.209	98.06
20141023	0.7516	1.235	98.01
20141024	0.7361	1.203	98.06
20141025	0.7393	1.208	98.05
20141026	0.7443	1.216	98.04
20141027	0.7501	1.226	98.02
20141028	0.7515	0.7814	98.47
20141029	0.7309	0.7841	98.49
20141030	0.6816	0.7262	98.59
20141031	0.6736	4.115	95.21
20141101	0.6767	4.134	95.19
20141102	0.6153	4.437	94.95
20141103	0.6964	12.05	87.25
20141104	0.7043	12.67	86.63
20141105	0.6829	12.02	87.3
20141106	0.6829	12.02	87.3
20141107	77.96	2.692	19.34
20141108	78.01	2.693	19.3
20141109	78.06	2.695	19.24
20141110	78.82	2.648	18.53
20141111	79.18	2.66	18.16
20141112	79.18	2.66	18.16
20141113	79.59	2.674	17.74
20141114	81.13	2.523	16.35
20141115	81.64	2.505	15.86
20141116	nan	nan	nan
20141117	nan	nan	nan
20141118	nan	nan	nan
20141119	nan	nan	nan
20141120	nan	nan	nan
20141121	nan	nan	nan
20141122	nan	nan	nan
20141123	nan	nan	nan
20141124	nan	nan	nan
20141125	nan	nan	nan
20141126	nan	nan	nan
20141127	nan	nan	nan
20141128	nan	nan	nan
20141129	nan	nan	nan
20141130	nan	nan	nan
20141201	nan	nan	nan
20141202	nan	nan	nan
20141203	nan	nan	nan
20141204	nan	nan	nan
20141205	nan	nan	nan
20141206	nan	nan	nan
20141207	nan	nan	nan
20141208	nan	nan	nan
20141209	nan	nan	nan
20141210	nan	nan	nan
20141211	nan	nan	nan
20141212	nan	nan	nan
20141213	nan	nan	nan
20141214	nan	nan	nan
20141215	nan	nan	nan
20141216	nan	nan	nan
20141217	nan	nan	nan
20141218	nan	nan	nan
20141219	nan	nan	nan
20141220	nan	nan	nan
20141221	nan	nan	nan
20141222	nan	nan	nan
20141223	nan	nan	nan
20141224	nan	nan	nan
20141225	nan	nan	nan
20141226	nan	nan	nan
20141227	nan	nan	nan
20141228	nan	nan	nan
20141229	nan	nan	nan
20141230	nan	nan	nan
20141231	nan	nan	nan
20150101	nan	nan	nan
20150102	nan	nan	nan
20150103	nan	nan	nan
20150104	nan	nan	nan
20150105	nan	nan	nan
20150106	nan	nan	nan
20150107	nan	nan	nan
20150108	nan	nan	nan
20150109	nan	nan	nan
20150110	nan	nan	nan
20150111	nan	nan	nan
20150112	nan	nan	nan
20150113	nan	nan	nan
20150114	nan	nan	nan
20150115	nan	nan	nan
20150116	nan	nan	nan
20150117	nan	nan	nan
20150118	nan	nan	nan
20150119	nan	nan	nan
20150120	nan	nan	nan
20150121	nan	nan	nan
20150122	nan	nan	nan
20150123	nan	nan	nan
20150124	nan	nan	nan
20150125	nan	nan	nan
20150126	nan	nan	nan
20150127	nan	nan	nan
20150128	nan	nan	nan
20150129	nan	nan	nan
20150130	nan	nan	nan
20150131	nan	nan	nan
20150201	nan	nan	nan
20150202	nan	nan	nan
20150203	nan	nan	nan
20150204	nan	nan	nan
20150205	nan	nan	nan
20150206	nan	nan	nan
20150207	nan	nan	nan
20150208	nan	nan	nan
20150209	nan	nan	nan
20150210	nan	nan	nan
20150211	nan	nan	nan
20150212	nan	nan	nan
20150213	nan	nan	nan
20150214	28.4	69.39	2.21
20150215	28.4	69.39	2.21
20150216	25.22	64.28	10.49
20150217	25.22	64.28	10.49
20150218	25.08	64.09	10.83
20150219	25.08	64.09	10.83
20150220	25.05	64.05	10.9
20150221	24.75	63.8	11.45
20150222	24.62	63.98	11.4
20150223	22.75	60.4	16.85
20150224	23.04	59.55	17.4
20150225	22.91	59.24	17.85
20150226	20.73	64.19	15.07
20150227	20.82	64.34	14.84
20150228	20.82	64.34	14.84
20150301	nan	nan	nan
20150302	14.3	73.17	12.54
20150303	14.22	73.29	12.48
20150304	13.52	69.33	17.15
20150305	2.578	92.34	5.078
20150306	2.578	92.34	5.08
20150307	2.578	92.34	5.08
20150308	2.541	91.83	5.631
20150309	2.542	91.71	5.749
20150310	4.239	90.99	4.769
20150311	4.239	90.99	4.769
20150312	4.154	90.08	5.767
20150313	4.17	90.04	5.788
20150314	9.26	85.68	5.055
20150315	9.078	82.65	8.273
20150316	8.807	80.45	10.74
20150317	8.79	80.45	10.76
20150318	8.79	80.45	10.76
20150319	46.06	47.48	6.458
20150320	45.17	45.95	8.882
20150321	44.61	48.19	7.204
20150322	45.14	47.67	7.196
20150323	45.16	47.64	7.2
20150324	44.86	47.26	7.875
20150325	44.86	47.26	7.875
20150326	35.87	60.39	3.737
20150327	36.05	60.22	3.731
20150328	35.87	60.01	4.121
20150329	35.87	60.01	4.121
20150330	35.31	60.53	4.163
20150331	35.17	60.61	4.225
20150401	35.03	60.31	4.663
20150402	33.47	62.49	4.038
20150403	33.44	62.53	4.034
20150404	32.72	63.21	4.065
20150405	32.63	63.3	4.072
20150406	nan	nan	nan
20150407	nan	nan	nan
20150408	nan	nan	nan
20150409	nan	nan	nan
20150410	44.7	52.83	2.466
20150411	44.7	52.76	2.54
20150412	nan	nan	nan
20150413	nan	nan	nan
20150414	nan	nan	nan
20150415	6.728	93.24	0.03293
20150416	6.728	93.24	0.03293
20150417	6.73	93.24	0.03295
20150418	6.663	93.3	0.03297
20150419	6.663	93.01	0.3297
20150420	6.663	92.88	0.4603
20150421	6.39	93.12	0.4947
20150422	26.82	72.65	0.5243
20150423	27.06	71.78	1.158
20150424	20.49	77.63	1.876
20150425	20.31	77.08	2.611
20150426	7.26	91.01	1.727
20150427	6.783	91.73	1.491
20150428	6.783	91.73	1.491
20150429	6.753	90.37	2.877
20150430	6.753	89.59	3.653
20150501	7.94	87.93	4.132
20150502	7.911	87.05	5.042
20150503	7.911	87.05	5.042
20150504	18.6	76.89	4.515
20150505	18.58	76.91	4.516
20150506	21.21	74.3	4.484
20150507	21.23	73.91	4.862
20150508	17.15	77.72	5.128
20150509	18.38	76.49	5.128
20150510	18.29	68.77	12.95
20150511	19.51	58.83	21.66
20150512	19.65	58.52	21.82
20150513	19.78	57.29	22.93
20150514	19.78	57.29	22.93
20150515	17.29	56.05	26.67
20150516	7.593	58.35	34.06
20150517	7.541	57.64	34.82
20150518	4.055	57.9	38.05
20150519	4.036	57.87	38.1
20150520	3.246	58.21	38.55
20150521	4.731	56.76	38.5
20150522	4.734	56.41	38.86
20150523	4.738	56.04	39.22
20150524	4.739	56.04	39.22
20150525	4.739	55.95	39.32
20150526	4.564	45.45	49.98
20150527	4.582	43.31	52.11
20150528	4.601	43.15	52.25
20150529	4.878	38.5	56.62
20150530	4.873	38.27	56.86
20150531	4.991	35.55	59.46
20150601	2.797	31.21	65.99
20150602	2.879	30.93	66.19
20150603	2.773	28.54	68.68
20150604	2.765	27.61	69.62
20150605	2.769	27.3	69.93
20150606	nan	nan	nan
20150607	nan	nan	nan
20150608	1.701	14.77	83.53
20150609	nan	nan	nan
20150610	nan	nan	nan
20150611	1.627	14.23	84.14
20150612	nan	nan	nan
20150613	nan	nan	nan
20150614	nan	nan	nan
20150615	nan	nan	nan
20150616	nan	nan	nan
20150617	nan	nan	nan
20150618	0.777	5.135	94.09
20150619	nan	nan	nan
20150620	0.6991	4.382	94.92
20150621	0.6953	4.17	95.13
20150622	0.6984	2.182	97.12
20150623	nan	nan	nan
20150624	nan	nan	nan
20150625	nan	nan	nan
20150626	nan	nan	nan
20150627	nan	nan	nan
20150628	nan	nan	nan
20150629	nan	nan	nan
20150630	0.2441	1.37	98.39
20150701	0.1181	1.032	98.85
20150702	0.0833	0.9513	98.97
20150703	0.07697	0.8723	99.05
20150704	0.07703	0.873	99.05
20150705	0.07703	0.873	99.05
20150706	0.07704	0.8569	99.07
20150707	0.1244	0.857	99.02
20150708	0.1245	0.8576	99.02
20150709	0.08536	0.8389	99.08
20150710	0.07725	0.724	99.2
20150711	0.0781	0.1337	99.79
20150712	0.08507	0.07657	99.84
20150713	0.07051	0.05745	99.87
20150714	0.04938	0.04288	99.91
20150715	0.04934	0.1156	99.84
20150716	0.04934	0.1156	99.84
20150717	0.04934	0.1156	99.84
20150718	0.0493	0.1155	99.84
20150719	0.05447	0.4475	99.5
20150720	0.0571	0.414	99.53
20150721	0.03244	0.1583	99.81
20150722	0.03237	0.0259	99.94
20150723	0.03236	0.02589	99.94
20150724	0.05052	0.02591	99.92
20150725	0.03769	0.026	99.94
20150726	0.03793	0.001308	99.96
20150727	0.03793	0.001308	99.96
20150728	0.03376	0.001298	99.96
20150729	0.03383	0.001301	99.96
20150730	0.03393	0.0	99.97
20150731	0.03393	0.0	99.97
20150801	0.03731	0.0	99.96
20150802	0.0161	0.0	99.98
20150803	nan	nan	nan
20150804	nan	nan	nan
20150805	nan	nan	nan
20150806	nan	nan	nan
20150807	0.004473	0.07305	99.92
20150808	nan	nan	nan
20150809	0.00443	0.07236	99.92
20150810	0.0	0.0679	99.93
20150811	0.0	0.06781	99.93
20150812	0.04782	0.06908	99.88
20150813	0.03845	0.6431	99.32
20150814	0.03844	0.6429	99.32
20150815	0.0	0.003876	100.0
20150816	0.0	0.0	100.0
20150817	0.006457	0.0	99.99
20150818	0.0	0.0	100.0
20150819	0.0	0.0	100.0
20150820	0.007742	0.0	99.99
20150821	0.0	0.0	100.0
20150822	0.0	0.0	100.0
20150823	0.0	0.0	100.0
20150824	0.01162	0.0	99.99
20150825	0.01678	0.0	99.98
20150826	0.006453	0.0	99.99
20150827	0.006453	0.0	99.99
20150828	0.006454	0.0	99.99
20150829	0.03227	0.0	99.97
20150830	0.03098	0.0	99.97
20150831	0.031	0.0	99.97
20150901	0.03103	0.0	99.97
20150902	0.03105	0.0	99.97
20150903	0.03105	0.0	99.97
20150904	0.03116	0.0	99.97
20150905	nan	nan	nan
20150906	nan	nan	nan
20150907	nan	nan	nan
20150908	nan	nan	nan
20150909	nan	nan	nan
20150910	0.01041	0.08586	99.9
20150911	0.0	0.0479	99.95
20150912	0.0	0.01553	99.98
20150913	0.01551	0.0	99.98
20150914	0.0	0.0	100.0
20150915	0.0	0.0	100.0
20150916	0.0	0.0	100.0
20150917	0.009036	0.01678	99.97
20150918	0.01033	0.222	99.77
20150919	0.01033	0.222	99.77
20150920	0.01033	0.222	99.77
20150921	0.007745	0.222	99.77
20150922	0.006458	0.2053	99.79
20150923	0.00517	0.1745	99.82
20150924	0.0	0.0	100.0
20150925	0.00775	0.0	99.99
20150926	0.007755	0.0	99.99
20150927	0.01295	0.0	99.99
20150928	0.01295	0.0	99.99
20150929	0.02978	0.009065	99.96
20150930	0.02974	0.4694	99.5
20151001	0.02974	0.4694	99.5
20151002	0.02975	0.4695	99.5
20151003	0.02588	0.4685	99.51
20151004	0.02587	14.89	85.08
20151005	0.02847	58.45	41.52
20151006	0.02542	49.61	50.37
20151007	0.02527	44.12	55.86
20151008	0.00792	37.72	62.27
20151009	0.005265	33.67	66.32
20151010	0.005263	28.1	71.9
20151011	0.07181	33.28	66.64
20151012	0.06146	50.98	48.96
20151013	0.06154	51.05	48.89
20151014	0.0617	51.18	48.75
20151015	0.06182	50.75	49.19
20151016	0.062	50.71	49.22
20151017	0.06266	51.15	48.79
20151018	0.06023	49.96	49.98
20151019	0.06102	45.95	53.99
20151020	0.06272	46.51	53.43
20151021	nan	nan	nan
20151022	nan	nan	nan
20151023	nan	nan	nan
20151024	nan	nan	nan
20151025	nan	nan	nan
20151026	nan	nan	nan
20151027	nan	nan	nan
20151028	nan	nan	nan
20151029	nan	nan	nan
20151030	nan	nan	nan
20151031	nan	nan	nan
20151101	nan	nan	nan
20151102	nan	nan	nan
20151103	nan	nan	nan
20151104	nan	nan	nan
20151105	7.883	65.82	26.3
20151106	7.883	65.82	26.3
20151107	7.91	66.05	26.04
20151108	8.056	65.93	26.01
20151109	8.145	65.71	26.14
20151110	nan	nan	nan
20151111	nan	nan	nan
20151112	nan	nan	nan
20151113	nan	nan	nan
20151114	nan	nan	nan
20151115	nan	nan	nan
20151116	nan	nan	nan
20151117	nan	nan	nan
20151118	nan	nan	nan
20151119	nan	nan	nan
20151120	nan	nan	nan
20151121	nan	nan	nan
20151122	nan	nan	nan
20151123	nan	nan	nan
20151124	nan	nan	nan
20151125	nan	nan	nan
20151126	nan	nan	nan
20151127	nan	nan	nan
20151128	nan	nan	nan
20151129	nan	nan	nan
20151130	nan	nan	nan
20151201	nan	nan	nan
20151202	nan	nan	nan
20151203	nan	nan	nan
20151204	nan	nan	nan
20151205	nan	nan	nan
20151206	nan	nan	nan
20151207	nan	nan	nan
20151208	nan	nan	nan
20151209	nan	nan	nan
20151210	nan	nan	nan
20151211	nan	nan	nan
20151212	nan	nan	nan
20151213	nan	nan	nan
20151214	nan	nan	nan
20151215	nan	nan	nan
20151216	nan	nan	nan
20151217	nan	nan	nan
20151218	nan	nan	nan
20151219	nan	nan	nan
20151220	nan	nan	nan
20151221	nan	nan	nan
20151222	nan	nan	nan
20151223	nan	nan	nan
20151224	nan	nan	nan
20151225	nan	nan	nan
20151226	nan	nan	nan
20151227	nan	nan	nan
20151228	nan	nan	nan
20151229	nan	nan	nan
20151230	nan	nan	nan
20151231	nan	nan	nan
20160101	nan	nan	nan
20160102	nan	nan	nan
20160103	nan	nan	nan
20160104	nan	nan	nan
20160105	nan	nan	nan
20160106	nan	nan	nan
20160107	nan	nan	nan
20160108	nan	nan	nan
20160109	nan	nan	nan
20160110	nan	nan	nan
20160111	nan	nan	nan
20160112	nan	nan	nan
20160113	nan	nan	nan
20160114	nan	nan	nan
20160115	nan	nan	nan
20160116	nan	nan	nan
20160117	nan	nan	nan
20160118	nan	nan	nan
20160119	nan	nan	nan
20160120	nan	nan	nan
20160121	nan	nan	nan
20160122	nan	nan	nan
20160123	nan	nan	nan
20160124	nan	nan	nan
20160125	nan	nan	nan
20160126	nan	nan	nan
20160127	nan	nan	nan
20160128	nan	nan	nan
20160129	nan	nan	nan
20160130	nan	nan	nan
20160131	nan	nan	nan
20160201	nan	nan	nan
20160202	nan	nan	nan
20160203	nan	nan	nan
20160204	nan	nan	nan
20160205	nan	nan	nan
20160206	nan	nan	nan
20160207	nan	nan	nan
20160208	nan	nan	nan
20160209	nan	nan	nan
20160210	nan	nan	nan
20160211	nan	nan	nan
20160212	nan	nan	nan
20160213	nan	nan	nan
20160214	nan	nan	nan
20160215	nan	nan	nan
20160216	nan	nan	nan
20160217	nan	nan	nan
20160218	nan	nan	nan
20160219	nan	nan	nan
20160220	nan	nan	nan
20160221	nan	nan	nan
20160222	nan	nan	nan
20160223	nan	nan	nan
20160224	nan	nan	nan
20160225	nan	nan	nan
20160226	0.1455	99.64	0.2169
20160227	0.1387	97.33	2.534
20160228	7.583	90.54	1.876
20160229	7.583	90.48	1.942
20160301	5.531	94.23	0.242
20160302	5.531	94.23	0.242
20160303	5.598	94.16	0.242
20160304	3.131	96.24	0.628
20160305	3.131	95.59	1.283
20160306	3.131	95.59	1.283
20160307	3.131	95.59	1.283
20160308	3.132	95.58	1.283
20160309	0.06061	95.6	4.343
20160310	0.06061	95.56	4.377
20160311	6.8	89.96	3.242
20160312	6.8	89.96	3.242
20160313	6.8	89.96	3.242
20160314	6.779	89.82	3.403
20160315	8.933	87.72	3.345
20160316	21.89	75.13	2.978
20160317	21.88	74.86	3.26
20160318	21.86	74.79	3.352
20160319	21.86	74.63	3.51
20160320	21.94	74.53	3.524
20160321	53.83	45.56	0.605
20160322	55.2	44.36	0.439
20160323	57.79	41.87	0.342
20160324	56.98	41.51	1.51
20160325	38.96	60.16	0.8799
20160326	38.95	60.17	0.8801
20160327	39.1	60.03	0.8753
20160328	31.16	67.84	0.9928
20160329	31.15	67.85	0.993
20160330	30.52	67.07	2.417
20160331	30.29	66.84	2.871
20160401	29.77	65.6	4.63
20160402	6.689	91.93	1.385
20160403	6.689	91.93	1.385
20160404	1.082	97.66	1.262
20160405	1.074	97.18	1.741
20160406	1.477	96.74	1.786
20160407	1.477	96.74	1.786
20160408	2.341	95.88	1.781
20160409	2.863	95.36	1.781
20160410	2.863	95.36	1.781
20160411	2.863	95.29	1.845
20160412	2.863	95.29	1.845
20160413	2.869	94.8	2.334
20160414	23.34	74.88	1.783
20160415	24.31	73.7	1.997
20160416	24.09	73.96	1.954
20160417	nan	nan	nan
20160418	1.288	97.84	0.8715
20160419	1.24	96.17	2.586
20160420	2.293	94.72	2.992
20160421	0.4137	97.85	1.735
20160422	0.4137	97.85	1.735
20160423	0.4137	97.6	1.986
20160424	0.4137	96.27	3.313
20160425	0.3787	95.08	4.54
20160426	0.7014	95.22	4.077
20160427	0.7014	95.22	4.077
20160428	6.187	81.22	12.59
20160429	6.143	80.07	13.79
20160430	4.252	73.08	22.67
20160501	4.226	71.13	24.65
20160502	2.682	67.28	30.04
20160503	3.741	65.71	30.55
20160504	3.741	65.71	30.55
20160505	3.741	65.71	30.55
20160506	3.749	65.32	30.93
20160507	3.75	65.18	31.07
20160508	3.749	63.45	32.8
20160509	3.782	62.69	33.53
20160510	3.648	61.44	34.91
20160511	3.696	61.0	35.3
20160512	3.785	59.28	36.94
20160513	nan	nan	nan
20160514	nan	nan	nan
20160515	nan	nan	nan
20160516	nan	nan	nan
20160517	nan	nan	nan
20160518	nan	nan	nan
20160519	nan	nan	nan
20160520	1.935	21.85	76.21
20160521	1.831	21.21	76.96
20160522	0.8979	17.9	81.2
20160523	0.8823	17.52	81.59
20160524	0.9549	17.3	81.74
20160525	0.877	15.34	83.79
20160526	0.4881	9.942	89.57
20160527	0.4139	6.274	93.31
20160528	0.4112	6.081	93.51
20160529	0.3999	4.421	95.18
20160530	0.3466	3.147	96.51
20160531	0.1601	1.984	97.86
20160601	0.1872	1.962	97.85
20160602	0.1562	1.617	98.23
20160603	0.2246	2.36	97.42
20160604	0.2246	2.263	97.51
20160605	0.2749	2.257	97.47
20160606	0.2747	1.718	98.01
20160607	0.2444	1.247	98.51
20160608	0.28	1.332	98.39
20160609	0.2807	1.273	98.45
20160610	0.238	0.9071	98.85
20160611	0.2353	0.6111	99.15
20160612	0.2618	0.6104	99.13
20160613	0.3419	0.5887	99.07
20160614	0.3195	0.441	99.24
20160615	0.3107	2.274	97.42
20160616	0.3031	2.274	97.42
20160617	0.3126	2.104	97.58
20160618	0.3126	2.104	97.58
20160619	0.2695	2.108	97.62
20160620	0.2695	2.108	97.62
20160621	nan	nan	nan
20160622	nan	nan	nan
20160623	nan	nan	nan
20160624	nan	nan	nan
20160625	nan	nan	nan
20160626	0.0	0.03512	99.96
20160627	0.0	0.0	100.0
20160628	0.0	0.0	100.0
20160629	0.0	0.0	100.0
20160630	0.0	0.0	100.0
20160701	0.0	0.02609	99.97
20160702	0.0	0.026	99.97
20160703	0.0	0.02596	99.97
20160704	0.0	0.02595	99.97
20160705	0.0	0.02595	99.97
20160706	0.002596	0.02596	99.97
20160707	0.005244	6.348	93.65
20160708	0.005369	6.499	93.5
20160709	0.005369	6.499	93.5
20160710	0.005528	6.691	93.3
20160711	0.005949	3.614	96.38
20160712	0.0	2.022	97.98
20160713	0.0126	1.561	98.43
20160714	0.02441	1.601	98.37
20160715	0.02673	1.753	98.22
20160716	0.02673	1.753	98.22
20160717	0.02644	1.734	98.24
20160718	0.02678	0.4364	99.54
20160719	0.02617	0.4418	99.53
20160720	0.01321	0.2745	99.71
20160721	0.0	0.0	100.0
20160722	0.0	0.0	100.0
20160723	0.002586	0.03232	99.97
20160724	0.002586	0.03232	99.97
20160725	0.04137	0.03232	99.93
20160726	0.001293	0.0	100.0
20160727	0.0	0.0	100.0
20160728	0.0	0.0	100.0
20160729	0.0	0.0	100.0
20160730	0.003873	0.0	100.0
20160731	0.02324	0.0	99.98
20160801	0.02325	0.0	99.98
20160802	0.0065	0.0	99.99
20160803	0.006568	0.0	99.99
20160804	0.01308	0.01831	99.97
20160805	0.0	0.01679	99.98
20160806	0.0104	0.01691	99.97
20160807	0.02999	0.01695	99.95
20160808	0.02999	0.01695	99.95
20160809	0.03003	0.01697	99.95
20160810	0.02533	0.01733	99.96
20160811	0.03603	0.01735	99.95
20160812	0.03603	0.01735	99.95
20160813	0.006558	0.0	99.99
20160814	0.02605	0.0	99.97
20160815	0.01303	0.0	99.99
20160816	0.02208	0.0	99.98
20160817	0.0	0.0	100.0
20160818	0.002582	0.0	100.0
20160819	0.01033	0.0	99.99
20160820	0.0	0.0	100.0
20160821	0.0	0.0	100.0
20160822	0.0	0.0	100.0
20160823	0.03354	0.0	99.97
20160824	0.1277	0.0	99.87
20160825	0.1277	0.0	99.87
20160826	0.1303	0.0	99.87
20160827	0.1303	0.0	99.87
20160828	0.1381	0.111	99.75
20160829	0.1368	0.111	99.75
20160830	0.1756	0.1007	99.72
20160831	0.177	0.1007	99.72
20160901	0.1771	0.1008	99.72
20160902	0.1776	0.1011	99.72
20160903	0.09586	0.101	99.8
20160904	nan	nan	nan
20160905	nan	nan	nan
20160906	0.007431	0.3017	99.69
20160907	0.01147	20.59	79.4
20160908	0.01147	14.88	85.11
20160909	0.02598	14.81	85.17
20160910	0.003972	0.1443	99.85
20160911	0.005292	0.1442	99.85
20160912	0.005277	0.3127	99.68
20160913	0.003956	0.178	99.82
20160914	0.003953	0.1779	99.82
20160915	0.003951	0.1738	99.82
20160916	0.01806	0.1006	99.88
20160917	0.08253	0.03611	99.88
20160918	0.07998	0.0	99.92
20160919	0.08256	13.6	86.31
20160920	0.0129	13.4	86.59
20160921	0.009032	0.00129	99.99
20160922	0.0	0.0	100.0
20160923	0.01548	0.0	99.98
20160924	0.02193	0.0	99.98
20160925	0.02193	0.0	99.98
20160926	0.01806	0.0	99.98
20160927	0.04266	0.0	99.96
20160928	0.04788	0.2912	99.66
20160929	0.1346	0.2912	99.57
20160930	0.154	0.4697	99.38
20161001	0.1528	1.597	98.25
20161002	0.1192	1.489	98.39
20161003	0.07553	8.498	91.43
20161004	0.1486	13.81	86.04
20161005	0.5915	13.51	85.9
20161006	0.5928	13.51	85.9
20161007	0.593	12.9	86.51
20161008	0.5447	8.539	90.92
20161009	0.2626	2.492	97.25
20161010	0.5458	1.966	97.49
20161011	12.99	1.918	85.09
20161012	12.44	1.701	85.86
20161013	12.55	1.716	85.73
20161014	12.58	1.567	85.86
20161015	4.482	0.4132	95.1
20161016	7.358	0.166	92.48
20161017	25.3	0.4458	74.25
20161018	21.08	0.3177	78.61
20161019	11.87	0.6835	87.45
20161020	1.184	0.2049	98.61
20161021	9.299	0.8408	89.86
20161022	4.474	0.5283	95.0
20161023	12.47	0.8843	86.64
20161024	21.82	1.453	76.73
20161025	24.01	6.043	69.94
20161026	9.308	1.809	88.88
20161027	10.21	3.627	86.16
20161028	8.124	4.749	87.13
20161029	30.67	4.313	65.02
20161030	27.41	9.625	62.96
20161031	28.88	20.74	50.38
20161101	24.58	17.41	58.01
20161102	23.2	16.93	59.86
20161103	32.04	22.26	45.7
20161104	36.72	31.88	31.4
20161105	26.55	23.58	49.87
20161106	79.25	8.534	12.22
20161107	79.28	8.499	12.22
20161108	90.37	4.441	5.184
20161109	90.9	4.451	4.645
20161110	91.49	4.288	4.22
20161111	93.04	3.453	3.509
20161112	94.05	3.19	2.764
20161113	94.32	3.092	2.59
20161114	94.68	2.858	2.465
20161115	95.66	2.068	2.269
20161116	100.0	0.0	0.0
20161117	100.0	0.0	0.0
20161118	100.0	0.0	0.0
20161119	100.0	0.0	0.0
20161120	100.0	0.0	0.0
20161121	nan	nan	nan
20161122	nan	nan	nan
20161123	nan	nan	nan
20161124	nan	nan	nan
20161125	nan	nan	nan
20161126	nan	nan	nan
20161127	nan	nan	nan
20161128	nan	nan	nan
20161129	nan	nan	nan
20161130	nan	nan	nan
20161201	nan	nan	nan
20161202	nan	nan	nan
20161203	nan	nan	nan
20161204	nan	nan	nan
20161205	nan	nan	nan
20161206	nan	nan	nan
20161207	nan	nan	nan
20161208	nan	nan	nan
20161209	nan	nan	nan
20161210	nan	nan	nan
20161211	nan	nan	nan
20161212	nan	nan	nan
20161213	nan	nan	nan
20161214	nan	nan	nan
20161215	nan	nan	nan
20161216	nan	nan	nan
20161217	nan	nan	nan
20161218	nan	nan	nan
20161219	nan	nan	nan
20161220	nan	nan	nan
20161221	nan	nan	nan
20161222	nan	nan	nan
20161223	nan	nan	nan
20161224	nan	nan	nan
20161225	nan	nan	nan
20161226	nan	nan	nan
20161227	nan	nan	nan
20161228	nan	nan	nan
20161229	nan	nan	nan
20161230	nan	nan	nan
20161231	nan	nan	nan
20170101	nan	nan	nan
20170102	nan	nan	nan
20170103	nan	nan	nan
20170104	nan	nan	nan
20170105	nan	nan	nan
20170106	nan	nan	nan
20170107	nan	nan	nan
20170108	nan	nan	nan
20170109	nan	nan	nan
20170110	nan	nan	nan
20170111	nan	nan	nan
20170112	nan	nan	nan
20170113	nan	nan	nan
20170114	nan	nan	nan
20170115	nan	nan	nan
20170116	nan	nan	nan
20170117	nan	nan	nan
20170118	nan	nan	nan
20170119	nan	nan	nan
20170120	nan	nan	nan
20170121	nan	nan	nan
20170122	nan	nan	nan
20170123	nan	nan	nan
20170124	nan	nan	nan
20170125	nan	nan	nan
20170126	nan	nan	nan
20170127	nan	nan	nan
20170128	nan	nan	nan
20170129	nan	nan	nan
20170130	nan	nan	nan
20170131	nan	nan	nan
20170201	nan	nan	nan
20170202	nan	nan	nan
20170203	nan	nan	nan
20170204	nan	nan	nan
20170205	nan	nan	nan
20170206	15.01	84.42	0.5686
20170207	3.445	96.18	0.3711
20170208	2.552	97.01	0.4391
20170209	1.785	97.5	0.7189
20170210	1.758	97.46	0.7837
20170211	1.753	97.11	1.138
20170212	2.859	96.0	1.137
20170213	6.616	92.21	1.176
20170214	31.5	67.26	1.24
20170215	31.81	66.94	1.252
20170216	31.98	66.76	1.258
20170217	33.74	64.96	1.303
20170218	85.42	14.48	0.1011
20170219	52.7	47.11	0.1877
20170220	47.89	51.96	0.1584
20170221	48.89	50.95	0.1523
20170222	44.2	55.47	0.3272
20170223	44.17	55.51	0.3273
20170224	44.19	55.48	0.3274
20170225	21.39	76.0	2.609
20170226	nan	nan	nan
20170227	3.089	96.46	0.4481
20170228	1.56	98.27	0.1734
20170301	0.7179	99.11	0.1747
20170302	1.329	98.35	0.3233
20170303	0.4764	98.83	0.6968
20170304	1.155	97.88	0.9673
20170305	1.054	98.15	0.7976
20170306	1.252	98.57	0.1748
20170307	1.256	98.54	0.2085
20170308	0.8075	99.03	0.162
20170309	0.9212	98.92	0.1624
20170310	1.004	98.3	0.6973
20170311	1.003	98.3	0.6985
20170312	1.002	98.23	0.7719
20170313	0.9458	98.27	0.7818
20170314	0.9009	98.15	0.9524
20170315	nan	nan	nan
20170316	nan	nan	nan
20170317	nan	nan	nan
20170318	0.01544	98.27	1.714
20170319	0.01541	98.27	1.711
20170320	0.01579	98.23	1.752
20170321	0.01582	98.35	1.638
20170322	0.01424	98.94	1.047
20170323	0.008855	98.97	1.026
20170324	0.0	98.17	1.834
20170325	0.0	97.99	2.01
20170326	1.044	96.95	2.011
20170327	2.43	95.57	2.0
20170328	19.41	79.68	0.9025
20170329	nan	nan	nan
20170330	nan	nan	nan
20170331	nan	nan	nan
20170401	nan	nan	nan
20170402	4.977	95.02	0.0
20170403	5.144	94.86	0.0
20170404	6.674	93.33	0.0
20170405	26.36	73.64	0.0
20170406	26.01	73.91	0.0783
20170407	48.84	50.91	0.2522
20170408	13.19	86.81	0.0
20170409	15.2	84.8	0.0
20170410	14.64	85.36	0.0
20170411	14.93	85.07	0.0
20170412	14.79	85.21	0.0
20170413	6.638	93.36	0.0
20170414	4.653	95.35	0.0
20170415	2.753	97.25	0.0
20170416	2.178	97.82	0.0
20170417	0.8992	99.1	0.0
20170418	0.8142	99.19	0.0
20170419	0.5921	99.41	0.0
20170420	0.9382	99.06	0.0
20170421	nan	nan	nan
20170422	nan	nan	nan
20170423	0.05553	99.94	0.0
20170424	0.02619	99.97	0.0
20170425	0.5833	99.42	0.0
20170426	0.8809	99.12	0.0
20170427	1.245	98.76	0.0
20170428	0.1612	99.81	0.03224
20170429	0.2437	99.72	0.03224
20170430	0.2437	99.72	0.03224
20170501	1.295	98.67	0.03224
20170502	2.685	97.28	0.03224
20170503	11.62	88.31	0.06448
20170504	14.6	85.33	0.06448
20170505	19.56	80.37	0.06456
20170506	nan	nan	nan
20170507	nan	nan	nan
20170508	nan	nan	nan
20170509	nan	nan	nan
20170510	nan	nan	nan
20170511	27.81	72.08	0.1108
20170512	27.66	72.04	0.2946
20170513	12.77	86.84	0.3944
20170514	7.221	92.23	0.5505
20170515	18.57	80.74	0.6968
20170516	16.14	83.17	0.6968
20170517	20.15	79.16	0.6968
20170518	20.13	78.3	1.571
20170519	21.85	76.41	1.739
20170520	24.36	74.02	1.619
20170521	27.76	70.71	1.525
20170522	nan	nan	nan
20170523	nan	nan	nan
20170524	nan	nan	nan
20170525	nan	nan	nan
20170526	nan	nan	nan
20170527	nan	nan	nan
20170528	nan	nan	nan
20170529	nan	nan	nan
20170530	nan	nan	nan
20170531	nan	nan	nan
20170601	nan	nan	nan
20170602	nan	nan	nan
20170603	10.34	62.81	26.85
20170604	15.71	57.29	27.0
20170605	15.43	57.4	27.16
20170606	15.87	57.0	27.14
20170607	3.641	59.47	36.89
20170608	3.644	50.09	46.26
20170609	3.482	44.41	52.11
20170610	2.564	37.51	59.93
20170611	2.301	34.8	62.9
20170612	1.473	29.32	69.21
20170613	1.498	26.49	72.02
20170614	1.879	17.61	80.51
20170615	1.916	13.29	84.79
20170616	1.747	12.05	86.21
20170617	1.631	10.58	87.79
20170618	1.609	8.036	90.35
20170619	nan	nan	nan
20170620	nan	nan	nan
20170621	nan	nan	nan
20170622	nan	nan	nan
20170623	nan	nan	nan
20170624	0.7493	1.021	98.23
20170625	0.7838	1.048	98.17
20170626	0.8467	1.22	97.93
20170627	0.7958	1.229	97.97
20170628	0.7278	1.52	97.75
20170629	nan	nan	nan
20170630	0.3543	0.3284	99.32
20170701	0.3558	0.223	99.42
20170702	0.2895	0.2384	99.47
20170703	0.2917	0.104	99.6
20170704	0.2904	0.104	99.61
20170705	0.2583	0.08249	99.66
20170706	0.2531	0.08257	99.66
20170707	nan	nan	nan
20170708	nan	nan	nan
20170709	nan	nan	nan
20170710	nan	nan	nan
20170711	0.1146	0.141	99.74
20170712	0.1175	0.141	99.74
20170713	0.1199	0.1421	99.74
20170714	0.126	0.4836	99.39
20170715	0.1586	0.05676	99.78
20170716	0.1588	0.06142	99.78
20170717	0.1544	0.06145	99.78
20170718	nan	nan	nan
20170719	nan	nan	nan
20170720	nan	nan	nan
20170721	nan	nan	nan
20170722	0.1978	0.2559	99.55
20170723	0.06136	0.1018	99.84
20170724	0.06773	0.1016	99.83
20170725	0.05449	0.0	99.95
20170726	0.0881	0.001296	99.91
20170727	0.1152	0.001294	99.88
20170728	0.04396	0.001293	99.95
20170729	0.0194	0.001293	99.98
20170730	0.01941	0.066	99.91
20170731	0.04534	0.06606	99.89
20170801	0.1284	0.06486	99.81
20170802	0.1286	0.06493	99.81
20170803	0.1176	0.06535	99.82
20170804	0.1164	0.0	99.88
20170805	nan	nan	nan
20170806	nan	nan	nan
20170807	0.1985	11.56	88.24
20170808	0.06285	1.546	98.39
20170809	0.06953	1.546	98.38
20170810	0.06976	1.551	98.38
20170811	0.05064	0.4371	99.51
20170812	0.1024	1.492	98.41
20170813	0.2039	1.342	98.45
20170814	0.2023	1.013	98.79
20170815	nan	nan	nan
20170816	0.03999	0.1959	99.76
20170817	0.05057	0.1956	99.75
20170818	0.05095	0.1694	99.78
20170819	0.2221	0.03325	99.74
20170820	0.2242	0.03418	99.74
20170821	0.2242	0.03418	99.74
20170822	0.22	0.0	99.78
20170823	nan	nan	nan
20170824	nan	nan	nan
20170825	nan	nan	nan
20170826	nan	nan	nan
20170827	nan	nan	nan
20170828	nan	nan	nan
20170829	nan	nan	nan
20170830	nan	nan	nan
20170831	nan	nan	nan
20170901	nan	nan	nan
20170902	nan	nan	nan
20170903	nan	nan	nan
20170904	0.0812	0.0	99.92
20170905	0.116	0.0	99.88
20170906	0.1694	0.0	99.83
20170907	0.1194	0.0	99.88
20170908	0.07904	0.0	99.92
20170909	0.07124	0.0	99.93
20170910	0.08156	0.4894	99.43
20170911	0.08968	0.4913	99.42
20170912	0.275	3.911	95.81
20170913	0.2696	3.907	95.82
20170914	nan	nan	nan
20170915	nan	nan	nan
20170916	nan	nan	nan
20170917	nan	nan	nan
20170918	nan	nan	nan
20170919	0.1453	0.1772	99.68
20170920	1.395	0.1057	98.5
20170921	0.6391	0.09734	99.26
20170922	0.6184	0.09316	99.29
20170923	0.6189	0.05959	99.32
20170924	0.17	0.05799	99.77
20170925	0.1942	0.1577	99.65
20170926	0.06782	0.1578	99.77
20170927	0.0156	0.07538	99.91
20170928	0.0234	0.07539	99.9
20170929	0.05064	0.07532	99.87
20170930	3.115	0.06481	96.82
20171001	0.02852	0.0	99.97
20171002	0.01949	0.0	99.98
20171003	0.0195	0.2223	99.76
20171004	0.03525	0.2233	99.74
20171005	0.06664	0.2235	99.71
20171006	0.5752	0.2235	99.2
20171007	0.5578	0.5895	98.85
20171008	nan	nan	nan
20171009	nan	nan	nan
20171010	0.2721	0.009021	99.72
20171011	0.3212	0.8323	98.85
20171012	0.5452	0.8316	98.62
20171013	1.487	0.5255	97.99
20171014	1.312	2.555	96.13
20171015	0.7548	1.816	97.43
20171016	0.7734	3.226	96.0
20171017	0.6052	15.05	84.35
20171018	0.6874	17.43	81.88
20171019	0.6878	23.52	75.8
20171020	0.547	42.81	56.64
20171021	0.7048	33.83	65.47
20171022	2.417	40.55	57.03
20171023	76.23	14.85	8.92
20171024	74.44	15.97	9.589
20171025	49.01	29.54	21.45
20171026	30.76	28.06	41.18
20171027	30.78	28.02	41.2
20171028	14.37	49.17	36.46
20171029	9.995	61.43	28.58
20171030	33.62	60.96	5.418
20171031	20.98	76.58	2.443
20171101	38.34	61.19	0.4644
20171102	37.69	60.35	1.958
20171103	34.75	63.05	2.201
20171104	18.22	78.69	3.083
20171105	16.03	81.66	2.319
20171106	16.02	81.7	2.279
20171107	16.25	81.45	2.294
20171108	12.73	84.63	2.636
20171109	nan	nan	nan
20171110	nan	nan	nan
20171111	nan	nan	nan
20171112	nan	nan	nan
20171113	nan	nan	nan
20171114	nan	nan	nan
20171115	nan	nan	nan
20171116	nan	nan	nan
20171117	nan	nan	nan
20171118	nan	nan	nan
20171119	nan	nan	nan
20171120	nan	nan	nan
20171121	nan	nan	nan
20171122	nan	nan	nan
20171123	nan	nan	nan
20171124	nan	nan	nan
20171125	nan	nan	nan
20171126	nan	nan	nan
20171127	nan	nan	nan
20171128	nan	nan	nan
20171129	nan	nan	nan
20171130	nan	nan	nan
20171201	nan	nan	nan
20171202	nan	nan	nan
20171203	nan	nan	nan
20171204	nan	nan	nan
20171205	nan	nan	nan
20171206	nan	nan	nan
20171207	nan	nan	nan
20171208	nan	nan	nan
20171209	nan	nan	nan
20171210	nan	nan	nan
20171211	nan	nan	nan
20171212	nan	nan	nan
20171213	nan	nan	nan
20171214	nan	nan	nan
20171215	nan	nan	nan
20171216	nan	nan	nan
20171217	nan	nan	nan
20171218	nan	nan	nan
20171219	nan	nan	nan
20171220	nan	nan	nan
20171221	nan	nan	nan
20171222	nan	nan	nan
20171223	nan	nan	nan
20171224	nan	nan	nan
20171225	nan	nan	nan
20171226	nan	nan	nan
20171227	nan	nan	nan
20171228	nan	nan	nan
20171229	nan	nan	nan
20171230	nan	nan	nan
20171231	nan	nan	nan
20180101	nan	nan	nan
20180102	nan	nan	nan
20180103	nan	nan	nan
20180104	nan	nan	nan
20180105	nan	nan	nan
20180106	nan	nan	nan
20180107	nan	nan	nan
20180108	nan	nan	nan
20180109	nan	nan	nan
20180110	nan	nan	nan
20180111	nan	nan	nan
20180112	nan	nan	nan
20180113	nan	nan	nan
20180114	nan	nan	nan
20180115	nan	nan	nan
20180116	nan	nan	nan
20180117	nan	nan	nan
20180118	nan	nan	nan
20180119	nan	nan	nan
20180120	nan	nan	nan
20180121	nan	nan	nan
20180122	nan	nan	nan
20180123	nan	nan	nan
20180124	nan	nan	nan
20180125	nan	nan	nan
20180126	nan	nan	nan
20180127	nan	nan	nan
20180128	nan	nan	nan
20180129	nan	nan	nan
20180130	nan	nan	nan
20180131	nan	nan	nan
20180201	nan	nan	nan
20180202	nan	nan	nan
20180203	nan	nan	nan
20180204	nan	nan	nan
20180205	nan	nan	nan
20180206	nan	nan	nan
20180207	48.7	49.88	1.426
20180208	49.9	48.78	1.313
20180209	15.35	83.52	1.133
20180210	14.75	84.19	1.064
20180211	3.572	91.95	4.474
20180212	3.321	89.26	7.419
20180213	27.4	70.27	2.33
20180214	7.418	85.17	7.413
20180215	20.4	74.66	4.941
20180216	39.8	59.63	0.5716
20180217	15.58	83.38	1.038
20180218	15.3	83.05	1.648
20180219	37.34	60.31	2.347
20180220	44.85	54.96	0.196
20180221	29.47	70.15	0.383
20180222	6.37	93.38	0.245
20180223	38.18	61.47	0.3495
20180224	37.96	61.57	0.4758
20180225	53.82	46.06	0.1212
20180226	33.9	63.52	2.579
20180227	39.58	60.39	0.03353
20180228	43.8	56.2	0.0
20180301	43.77	56.23	0.0
20180302	43.78	56.22	0.0
20180303	43.73	56.2	0.06707
20180304	48.81	50.43	0.7612
20180305	31.51	67.14	1.351
20180306	10.73	89.12	0.1486
20180307	48.99	50.84	0.1639
20180308	48.45	51.22	0.3265
20180309	58.39	41.59	0.01805
20180310	45.03	54.96	0.007737
20180311	42.95	56.83	0.2192
20180312	44.57	55.37	0.05545
20180313	36.39	63.29	0.3159
20180314	36.26	63.24	0.4978
20180315	34.61	65.33	0.0632
20180316	44.41	55.52	0.06706
20180317	48.51	51.45	0.03482
20180318	41.79	58.05	0.1626
20180319	44.94	54.89	0.1625
20180320	44.4	55.44	0.1627
20180321	42.72	57.04	0.2415
20180322	42.66	56.91	0.4354
20180323	26.34	73.51	0.1488
20180324	47.72	52.27	0.007745
20180325	48.39	51.61	0.007746
20180326	48.29	51.7	0.007747
20180327	41.12	58.5	0.3796
20180328	35.53	63.93	0.541
20180329	33.21	66.12	0.6703
20180330	32.88	66.43	0.6897
20180331	nan	nan	nan
20180401	nan	nan	nan
20180402	7.579	91.96	0.4636
20180403	0.02339	99.95	0.02599
20180404	1.028	98.95	0.02582
20180405	1.288	98.67	0.03742
20180406	1.95	98.01	0.03742
20180407	1.95	97.85	0.1962
20180408	0.169	99.75	0.0761
20180409	0.129	99.75	0.1161
20180410	2.477	97.43	0.09275
20180411	2.572	97.33	0.09683
20180412	2.306	97.66	0.03862
20180413	2.3	97.66	0.03852
20180414	3.878	96.12	0.0
20180415	4.044	95.96	0.0
20180416	11.47	88.53	0.0
20180417	3.937	95.88	0.1831
20180418	1.874	97.88	0.2489
20180419	1.983	97.77	0.2489
20180420	10.92	88.83	0.2489
20180421	21.31	78.44	0.2489
20180422	33.16	66.6	0.2489
20180423	22.27	76.47	1.26
20180424	25.95	72.96	1.092
20180425	nan	nan	nan
20180426	nan	nan	nan
20180427	nan	nan	nan
20180428	nan	nan	nan
20180429	nan	nan	nan
20180430	nan	nan	nan
20180501	nan	nan	nan
20180502	nan	nan	nan
20180503	nan	nan	nan
20180504	17.58	53.77	28.66
20180505	17.42	53.23	29.35
20180506	11.55	53.75	34.7
20180507	11.55	53.75	34.7
20180508	4.26	48.46	47.28
20180509	2.001	43.86	54.14
20180510	2.175	35.41	62.41
20180511	1.861	28.91	69.23
20180512	1.577	24.98	73.44
20180513	1.589	24.31	74.1
20180514	0.7538	13.69	85.56
20180515	0.6247	10.13	89.25
20180516	0.6811	7.067	92.25
20180517	0.6219	6.046	93.33
20180518	0.5105	4.547	94.94
20180519	0.4319	4.129	95.44
20180520	0.4414	4.077	95.48
20180521	0.4331	3.419	96.15
20180522	0.487	2.984	96.53
20180523	0.5587	4.314	95.13
20180524	nan	nan	nan
20180525	0.4648	0.1769	99.36
20180526	0.4233	0.8423	98.73
20180527	0.4416	0.8423	98.72
20180528	0.4674	0.843	98.69
20180529	0.4238	0.8434	98.73
20180530	0.2815	0.5573	99.16
20180531	0.2183	0.557	99.22
20180601	0.115	0.1364	99.75
20180602	0.1241	0.06072	99.82
20180603	0.1835	0.8971	98.92
20180604	0.3273	2.702	96.97
20180605	0.3515	5.543	94.11
20180606	0.3544	4.845	94.8
20180607	0.5915	4.875	94.53
20180608	nan	nan	nan
20180609	nan	nan	nan
20180610	nan	nan	nan
20180611	nan	nan	nan
20180612	nan	nan	nan
20180613	nan	nan	nan
20180614	nan	nan	nan
20180615	nan	nan	nan
20180616	nan	nan	nan
20180617	0.1764	1.075	98.75
20180618	0.1477	1.075	98.78
20180619	0.1477	1.075	98.78
20180620	0.02025	15.21	84.77
20180621	0.06599	19.7	80.24
20180622	0.06364	19.7	80.24
20180623	0.06099	19.72	80.22
20180624	nan	nan	nan
20180625	nan	nan	nan
20180626	nan	nan	nan
20180627	nan	nan	nan
20180628	nan	nan	nan
20180629	nan	nan	nan
20180630	nan	nan	nan
20180701	0.05785	0.07669	99.87
20180702	0.01172	0.001302	99.99
20180703	0.02341	0.001301	99.98
20180704	0.02341	0.001301	99.98
20180705	0.02333	0.001296	99.98
20180706	0.02333	0.001296	99.98
20180707	0.02334	0.001297	99.98
20180708	0.02087	0.0	99.98
20180709	0.07891	0.0	99.92
20180710	0.08243	0.0	99.92
20180711	0.01169	0.0	99.99
20180712	0.006519	0.0	99.99
20180713	0.0	0.0	100.0
20180714	0.04021	0.0	99.96
20180715	0.1453	0.0	99.85
20180716	0.1311	0.0	99.87
20180717	0.03235	0.0	99.97
20180718	0.02071	0.0	99.98
20180719	0.009055	0.05821	99.93
20180720	0.01431	0.05855	99.93
20180721	0.04667	0.0	99.95
20180722	0.04924	0.0	99.95
20180723	0.04924	0.0	99.95
20180724	0.04936	0.0	99.95
20180725	0.04802	0.0	99.95
20180726	0.03041	0.0	99.97
20180727	0.0183	0.0	99.98
20180728	0.005225	0.0	99.99
20180729	0.0	0.0	100.0
20180730	0.0	0.0	100.0
20180731	0.0	0.0	100.0
20180801	0.0	0.0	100.0
20180802	0.115	0.0	99.88
20180803	0.1489	0.0	99.85
20180804	0.1492	0.0	99.85
20180805	0.05476	0.0	99.95
20180806	0.05738	0.0	99.94
20180807	0.09479	0.0	99.91
20180808	0.1521	0.0	99.85
20180809	0.1525	0.0	99.85
20180810	0.1566	0.0	99.84
20180811	0.1195	0.0	99.88
20180812	0.1262	0.0	99.87
20180813	0.1264	0.0	99.87
20180814	0.2143	0.08197	99.7
20180815	nan	nan	nan
20180816	nan	nan	nan
20180817	nan	nan	nan
20180818	nan	nan	nan
20180819	nan	nan	nan
20180820	nan	nan	nan
20180821	nan	nan	nan
20180822	0.03056	3.197	96.77
20180823	0.03043	3.181	96.79
20180824	0.0567	3.086	96.86
20180825	0.06173	3.444	96.49
20180826	0.1065	1.772	98.12
20180827	0.2832	1.455	98.26
20180828	0.064	0.0	99.94
20180829	0.06434	0.0	99.94
20180830	0.07362	0.4982	99.43
20180831	0.1701	0.1831	99.65
20180901	0.3077	0.01955	99.67
20180902	0.308	0.01958	99.67
20180903	0.2732	2.039	97.69
20180904	0.2743	1.07	98.66
20180905	0.05345	0.02607	99.92
20180906	0.02722	0.0	99.97
20180907	0.1012	0.0	99.9
20180908	0.07635	0.0	99.92
20180909	0.01035	0.0	99.99
20180910	0.009043	0.0	99.99
20180911	0.01163	0.1033	99.89
20180912	0.08528	0.01938	99.9
20180913	0.1139	0.0	99.89
20180914	0.123	0.07899	99.8
20180915	0.04039	0.07949	99.88
20180916	0.04128	0.5286	99.43
20180917	0.08765	0.08226	99.83
20180918	0.09227	0.08528	99.82
20180919	0.1061	5.796	94.1
20180920	nan	nan	nan
20180921	nan	nan	nan
20180922	0.03767	1.394	98.57
20180923	0.03901	1.393	98.57
20180924	0.0894	1.447	98.46
20180925	0.2475	2.254	97.5
20180926	0.2648	2.427	97.31
20180927	0.4397	21.86	77.7
20180928	0.3935	20.03	79.58
20180929	nan	nan	nan
20180930	nan	nan	nan
20181001	nan	nan	nan
20181002	nan	nan	nan
20181003	nan	nan	nan
20181004	nan	nan	nan
20181005	nan	nan	nan
20181006	nan	nan	nan
20181007	nan	nan	nan
20181008	nan	nan	nan
20181009	nan	nan	nan
20181010	nan	nan	nan
20181011	nan	nan	nan
20181012	0.5771	34.47	64.95
20181013	0.6765	34.18	65.15
20181014	0.6063	31.29	68.1
20181015	0.4285	22.44	77.13
20181016	0.3167	12.99	86.7
20181017	0.1771	18.72	81.1
20181018	0.1514	16.08	83.77
20181019	0.1225	29.89	69.99
20181020	0.05507	37.88	62.06
20181021	0.0455	45.07	54.89
20181022	0.04317	33.73	66.23
20181023	16.8	23.06	60.14
20181024	24.14	38.23	37.63
20181025	72.88	10.25	16.87
20181026	87.07	6.205	6.725
20181027	75.15	12.68	12.17
20181028	58.8	9.324	31.88
20181029	56.83	11.94	31.23
20181030	85.5	8.641	5.862
20181031	94.39	3.163	2.451
20181101	38.54	50.23	11.23
20181102	38.66	50.13	11.2
20181103	33.37	45.93	20.7
20181104	33.42	45.95	20.62
20181105	22.52	57.68	19.81
20181106	19.9	59.55	20.55
20181107	6.872	69.18	23.94
20181108	nan	nan	nan
20181109	nan	nan	nan
20181110	nan	nan	nan
20181111	nan	nan	nan
20181112	nan	nan	nan
20181113	nan	nan	nan
20181114	nan	nan	nan
20181115	nan	nan	nan
20181116	nan	nan	nan
20181117	nan	nan	nan
20181118	nan	nan	nan
20181119	nan	nan	nan
20181120	nan	nan	nan
20181121	nan	nan	nan
20181122	nan	nan	nan
20181123	nan	nan	nan
20181124	nan	nan	nan
20181125	nan	nan	nan
20181126	nan	nan	nan
20181127	nan	nan	nan
20181128	nan	nan	nan
20181129	nan	nan	nan
20181130	nan	nan	nan
20181201	nan	nan	nan
20181202	nan	nan	nan
20181203	nan	nan	nan
20181204	nan	nan	nan
20181205	nan	nan	nan
20181206	nan	nan	nan
20181207	nan	nan	nan
20181208	nan	nan	nan
20181209	nan	nan	nan
20181210	nan	nan	nan
20181211	nan	nan	nan
20181212	nan	nan	nan
20181213	nan	nan	nan
20181214	nan	nan	nan
20181215	nan	nan	nan
20181216	nan	nan	nan
20181217	nan	nan	nan
20181218	100.0	0.0	0.0
20181219	100.0	0.0	0.0
20181220	100.0	0.0	0.0
20181221	100.0	0.0	0.0
20181222	100.0	0.0	0.0
20181223	100.0	0.0	0.0
20181224	100.0	0.0	0.0
20181225	100.0	0.0	0.0
20181226	100.0	0.0	0.0
20181227	100.0	0.0	0.0
20181228	100.0	0.0	0.0
20181229	nan	nan	nan
20181230	nan	nan	nan
20181231	nan	nan	nan
20190101	nan	nan	nan
20190102	nan	nan	nan
20190103	nan	nan	nan
20190104	nan	nan	nan
20190105	nan	nan	nan
20190106	nan	nan	nan
20190107	nan	nan	nan
20190108	nan	nan	nan
20190109	nan	nan	nan
20190110	nan	nan	nan
20190111	nan	nan	nan
20190112	nan	nan	nan
20190113	nan	nan	nan
20190114	nan	nan	nan
20190115	nan	nan	nan
20190116	nan	nan	nan
20190117	nan	nan	nan
20190118	nan	nan	nan
20190119	nan	nan	nan
20190120	nan	nan	nan
20190121	nan	nan	nan
20190122	nan	nan	nan
20190123	nan	nan	nan
20190124	nan	nan	nan
20190125	nan	nan	nan
20190126	nan	nan	nan
20190127	nan	nan	nan
20190128	nan	nan	nan
20190129	nan	nan	nan
20190130	nan	nan	nan
20190131	nan	nan	nan
20190201	nan	nan	nan
20190202	nan	nan	nan
20190203	nan	nan	nan
20190204	nan	nan	nan
20190205	nan	nan	nan
20190206	nan	nan	nan
20190207	nan	nan	nan
20190208	65.21	34.15	0.6395
