Date	WetSnow	DrySnow	BareGround
20140920	nan	nan	nan
20140921	nan	nan	nan
20140922	nan	nan	nan
20140923	nan	nan	nan
20140924	nan	nan	nan
20140925	nan	nan	nan
20140926	nan	nan	nan
20140927	nan	nan	nan
20140928	nan	nan	nan
20140929	nan	nan	nan
20140930	nan	nan	nan
20141001	nan	nan	nan
20141002	nan	nan	nan
20141003	nan	nan	nan
20141004	nan	nan	nan
20141005	19.76	0.05985	80.18
20141006	7.113	0.04434	92.84
20141007	6.486	0.04431	93.47
20141008	6.424	0.0443	93.53
20141009	6.399	0.0443	93.56
20141010	5.5	0.04336	94.46
20141011	5.18	0.04335	94.78
20141012	4.548	0.04332	95.41
20141013	4.527	0.04332	95.43
20141014	4.529	0.04335	95.43
20141015	4.419	0.04334	95.54
20141016	4.113	0.04348	95.84
20141017	11.75	14.2	74.05
20141018	11.67	14.16	74.17
20141019	11.55	13.78	74.67
20141020	11.48	13.74	74.78
20141021	nan	nan	nan
20141022	nan	nan	nan
20141023	nan	nan	nan
20141024	nan	nan	nan
20141025	nan	nan	nan
20141026	nan	nan	nan
20141027	nan	nan	nan
20141028	nan	nan	nan
20141029	nan	nan	nan
20141030	nan	nan	nan
20141031	nan	nan	nan
20141101	nan	nan	nan
20141102	nan	nan	nan
20141103	nan	nan	nan
20141104	nan	nan	nan
20141105	nan	nan	nan
20141106	nan	nan	nan
20141107	nan	nan	nan
20141108	nan	nan	nan
20141109	nan	nan	nan
20141110	nan	nan	nan
20141111	nan	nan	nan
20141112	nan	nan	nan
20141113	nan	nan	nan
20141114	nan	nan	nan
20141115	nan	nan	nan
20141116	nan	nan	nan
20141117	nan	nan	nan
20141118	nan	nan	nan
20141119	nan	nan	nan
20141120	nan	nan	nan
20141121	nan	nan	nan
20141122	nan	nan	nan
20141123	nan	nan	nan
20141124	nan	nan	nan
20141125	nan	nan	nan
20141126	nan	nan	nan
20141127	nan	nan	nan
20141128	nan	nan	nan
20141129	nan	nan	nan
20141130	nan	nan	nan
20141201	nan	nan	nan
20141202	nan	nan	nan
20141203	nan	nan	nan
20141204	nan	nan	nan
20141205	nan	nan	nan
20141206	nan	nan	nan
20141207	nan	nan	nan
20141208	nan	nan	nan
20141209	nan	nan	nan
20141210	nan	nan	nan
20141211	nan	nan	nan
20141212	nan	nan	nan
20141213	nan	nan	nan
20141214	nan	nan	nan
20141215	nan	nan	nan
20141216	nan	nan	nan
20141217	nan	nan	nan
20141218	nan	nan	nan
20141219	nan	nan	nan
20141220	nan	nan	nan
20141221	nan	nan	nan
20141222	nan	nan	nan
20141223	nan	nan	nan
20141224	nan	nan	nan
20141225	nan	nan	nan
20141226	nan	nan	nan
20141227	nan	nan	nan
20141228	nan	nan	nan
20141229	nan	nan	nan
20141230	nan	nan	nan
20141231	nan	nan	nan
20150101	nan	nan	nan
20150102	nan	nan	nan
20150103	nan	nan	nan
20150104	nan	nan	nan
20150105	nan	nan	nan
20150106	nan	nan	nan
20150107	nan	nan	nan
20150108	nan	nan	nan
20150109	nan	nan	nan
20150110	nan	nan	nan
20150111	nan	nan	nan
20150112	nan	nan	nan
20150113	nan	nan	nan
20150114	nan	nan	nan
20150115	nan	nan	nan
20150116	nan	nan	nan
20150117	nan	nan	nan
20150118	nan	nan	nan
20150119	nan	nan	nan
20150120	nan	nan	nan
20150121	nan	nan	nan
20150122	nan	nan	nan
20150123	nan	nan	nan
20150124	nan	nan	nan
20150125	nan	nan	nan
20150126	nan	nan	nan
20150127	nan	nan	nan
20150128	nan	nan	nan
20150129	nan	nan	nan
20150130	nan	nan	nan
20150131	nan	nan	nan
20150201	nan	nan	nan
20150202	nan	nan	nan
20150203	nan	nan	nan
20150204	nan	nan	nan
20150205	nan	nan	nan
20150206	nan	nan	nan
20150207	nan	nan	nan
20150208	nan	nan	nan
20150209	nan	nan	nan
20150210	nan	nan	nan
20150211	nan	nan	nan
20150212	nan	nan	nan
20150213	nan	nan	nan
20150214	nan	nan	nan
20150215	nan	nan	nan
20150216	nan	nan	nan
20150217	nan	nan	nan
20150218	nan	nan	nan
20150219	nan	nan	nan
20150220	nan	nan	nan
20150221	nan	nan	nan
20150222	nan	nan	nan
20150223	nan	nan	nan
20150224	nan	nan	nan
20150225	nan	nan	nan
20150226	nan	nan	nan
20150227	nan	nan	nan
20150228	nan	nan	nan
20150301	nan	nan	nan
20150302	nan	nan	nan
20150303	nan	nan	nan
20150304	nan	nan	nan
20150305	0.1301	99.08	0.7851
20150306	nan	nan	nan
20150307	nan	nan	nan
20150308	nan	nan	nan
20150309	nan	nan	nan
20150310	nan	nan	nan
20150311	nan	nan	nan
20150312	nan	nan	nan
20150313	nan	nan	nan
20150314	1.507	98.29	0.1988
20150315	1.508	97.89	0.607
20150316	1.507	96.74	1.754
20150317	1.507	96.72	1.77
20150318	1.507	96.72	1.77
20150319	1.392	97.34	1.265
20150320	1.39	97.11	1.496
20150321	1.241	97.56	1.199
20150322	1.246	97.55	1.199
20150323	1.246	97.55	1.199
20150324	1.246	97.46	1.293
20150325	1.236	97.47	1.293
20150326	0.4394	99.51	0.05175
20150327	nan	nan	nan
20150328	nan	nan	nan
20150329	nan	nan	nan
20150330	nan	nan	nan
20150331	nan	nan	nan
20150401	nan	nan	nan
20150402	nan	nan	nan
20150403	nan	nan	nan
20150404	nan	nan	nan
20150405	nan	nan	nan
20150406	nan	nan	nan
20150407	nan	nan	nan
20150408	nan	nan	nan
20150409	nan	nan	nan
20150410	nan	nan	nan
20150411	nan	nan	nan
20150412	nan	nan	nan
20150413	nan	nan	nan
20150414	nan	nan	nan
20150415	nan	nan	nan
20150416	nan	nan	nan
20150417	nan	nan	nan
20150418	nan	nan	nan
20150419	nan	nan	nan
20150420	nan	nan	nan
20150421	nan	nan	nan
20150422	nan	nan	nan
20150423	nan	nan	nan
20150424	11.74	88.26	0.0009459
20150425	11.74	88.26	0.0009459
20150426	3.13	96.87	0.0009388
20150427	1.617	98.38	0.0009277
20150428	1.617	98.38	0.0009277
20150429	1.617	98.35	0.03154
20150430	1.617	98.33	0.05381
20150501	2.02	97.93	0.05381
20150502	2.02	97.93	0.05381
20150503	2.02	97.93	0.05381
20150504	1.896	98.02	0.08228
20150505	1.896	98.02	0.08228
20150506	56.99	42.93	0.07755
20150507	56.96	42.76	0.2816
20150508	82.5	17.24	0.2615
20150509	85.57	14.19	0.233
20150510	85.48	13.84	0.6796
20150511	86.04	12.81	1.146
20150512	86.04	12.81	1.146
20150513	76.37	22.51	1.118
20150514	76.37	22.51	1.118
20150515	76.42	22.46	1.119
20150516	58.52	39.73	1.752
20150517	58.52	39.73	1.753
20150518	59.81	38.06	2.133
20150519	59.8	38.06	2.133
20150520	61.03	36.78	2.183
20150521	66.37	31.47	2.16
20150522	66.52	31.33	2.151
20150523	66.59	31.25	2.153
20150524	66.62	31.23	2.155
20150525	66.62	31.2	2.183
20150526	66.11	30.24	3.659
20150527	66.88	29.41	3.706
20150528	66.88	29.41	3.706
20150529	67.97	28.24	3.785
20150530	67.87	28.16	3.974
20150531	nan	nan	nan
20150601	nan	nan	nan
20150602	nan	nan	nan
20150603	nan	nan	nan
20150604	56.35	33.04	10.62
20150605	56.18	32.37	11.45
20150606	nan	nan	nan
20150607	nan	nan	nan
20150608	nan	nan	nan
20150609	nan	nan	nan
20150610	nan	nan	nan
20150611	nan	nan	nan
20150612	nan	nan	nan
20150613	nan	nan	nan
20150614	nan	nan	nan
20150615	nan	nan	nan
20150616	nan	nan	nan
20150617	nan	nan	nan
20150618	nan	nan	nan
20150619	nan	nan	nan
20150620	nan	nan	nan
20150621	nan	nan	nan
20150622	nan	nan	nan
20150623	nan	nan	nan
20150624	nan	nan	nan
20150625	nan	nan	nan
20150626	nan	nan	nan
20150627	nan	nan	nan
20150628	nan	nan	nan
20150629	nan	nan	nan
20150630	nan	nan	nan
20150701	13.84	7.786	78.37
20150702	13.85	7.729	78.42
20150703	nan	nan	nan
20150704	18.01	6.74	75.25
20150705	18.01	6.74	75.25
20150706	nan	nan	nan
20150707	nan	nan	nan
20150708	nan	nan	nan
20150709	nan	nan	nan
20150710	nan	nan	nan
20150711	nan	nan	nan
20150712	nan	nan	nan
20150713	8.502	0.6808	90.82
20150714	7.195	0.6133	92.19
20150715	11.46	1.228	87.31
20150716	11.46	1.228	87.31
20150717	12.01	1.238	86.75
20150718	11.5	1.239	87.26
20150719	11.05	1.823	87.13
20150720	11.88	1.742	86.38
20150721	10.65	1.194	88.16
20150722	10.44	0.8232	88.74
20150723	8.64	0.6922	90.67
20150724	nan	nan	nan
20150725	nan	nan	nan
20150726	nan	nan	nan
20150727	nan	nan	nan
20150728	nan	nan	nan
20150729	nan	nan	nan
20150730	nan	nan	nan
20150731	nan	nan	nan
20150801	nan	nan	nan
20150802	nan	nan	nan
20150803	nan	nan	nan
20150804	nan	nan	nan
20150805	nan	nan	nan
20150806	nan	nan	nan
20150807	nan	nan	nan
20150808	nan	nan	nan
20150809	nan	nan	nan
20150810	nan	nan	nan
20150811	nan	nan	nan
20150812	3.848	0.06584	96.09
20150813	5.619	0.0619	94.32
20150814	5.448	0.06188	94.49
20150815	2.22	0.03185	97.75
20150816	0.7089	0.02314	99.27
20150817	0.7352	0.105	99.16
20150818	0.4183	0.0562	99.53
20150819	0.1732	0.03961	99.79
20150820	0.7882	0.1234	99.09
20150821	0.1326	0.06998	99.8
20150822	0.105	0.05617	99.84
20150823	0.1041	0.05617	99.84
20150824	0.5148	0.1704	99.31
20150825	0.5627	0.1971	99.24
20150826	0.5627	0.1952	99.24
20150827	0.563	0.1954	99.24
20150828	0.563	0.1954	99.24
20150829	2.317	0.1493	97.53
20150830	2.109	0.1493	97.74
20150831	2.036	0.1411	97.82
20150901	4.059	0.1448	95.8
20150902	4.083	0.1456	95.77
20150903	4.1	0.1462	95.75
20150904	4.228	0.151	95.62
20150905	nan	nan	nan
20150906	nan	nan	nan
20150907	nan	nan	nan
20150908	nan	nan	nan
20150909	nan	nan	nan
20150910	2.022	0.4129	97.56
20150911	0.5715	0.3042	99.12
20150912	0.1787	0.1667	99.65
20150913	0.7304	0.2524	99.02
20150914	0.3132	0.1612	99.53
20150915	0.3132	0.1612	99.53
20150916	0.3113	0.1612	99.53
20150917	2.147	0.6814	97.17
20150918	2.625	2.642	94.73
20150919	2.569	2.642	94.79
20150920	2.569	2.642	94.79
20150921	1.825	2.189	95.99
20150922	1.645	2.14	96.22
20150923	2.821	1.773	95.41
20150924	1.201	0.4478	98.35
20150925	nan	nan	nan
20150926	nan	nan	nan
20150927	nan	nan	nan
20150928	nan	nan	nan
20150929	nan	nan	nan
20150930	5.362	5.607	89.03
20151001	5.34	5.571	89.09
20151002	nan	nan	nan
20151003	nan	nan	nan
20151004	6.074	24.28	69.65
20151005	4.839	63.3	31.86
20151006	nan	nan	nan
20151007	nan	nan	nan
20151008	nan	nan	nan
20151009	nan	nan	nan
20151010	nan	nan	nan
20151011	3.235	83.53	13.23
20151012	13.61	74.04	12.34
20151013	13.61	74.02	12.37
20151014	13.63	74.12	12.25
20151015	13.49	71.57	14.95
20151016	14.41	69.9	15.68
20151017	15.2	60.52	24.28
20151018	14.83	56.76	28.42
20151019	13.7	48.15	38.16
20151020	13.73	43.49	42.77
20151021	nan	nan	nan
20151022	nan	nan	nan
20151023	nan	nan	nan
20151024	nan	nan	nan
20151025	nan	nan	nan
20151026	nan	nan	nan
20151027	nan	nan	nan
20151028	nan	nan	nan
20151029	nan	nan	nan
20151030	nan	nan	nan
20151031	nan	nan	nan
20151101	nan	nan	nan
20151102	nan	nan	nan
20151103	nan	nan	nan
20151104	nan	nan	nan
20151105	nan	nan	nan
20151106	nan	nan	nan
20151107	nan	nan	nan
20151108	nan	nan	nan
20151109	nan	nan	nan
20151110	nan	nan	nan
20151111	nan	nan	nan
20151112	nan	nan	nan
20151113	nan	nan	nan
20151114	nan	nan	nan
20151115	nan	nan	nan
20151116	nan	nan	nan
20151117	nan	nan	nan
20151118	nan	nan	nan
20151119	nan	nan	nan
20151120	nan	nan	nan
20151121	nan	nan	nan
20151122	nan	nan	nan
20151123	nan	nan	nan
20151124	nan	nan	nan
20151125	nan	nan	nan
20151126	nan	nan	nan
20151127	nan	nan	nan
20151128	nan	nan	nan
20151129	nan	nan	nan
20151130	nan	nan	nan
20151201	nan	nan	nan
20151202	nan	nan	nan
20151203	nan	nan	nan
20151204	nan	nan	nan
20151205	nan	nan	nan
20151206	nan	nan	nan
20151207	nan	nan	nan
20151208	nan	nan	nan
20151209	nan	nan	nan
20151210	nan	nan	nan
20151211	nan	nan	nan
20151212	nan	nan	nan
20151213	nan	nan	nan
20151214	nan	nan	nan
20151215	nan	nan	nan
20151216	nan	nan	nan
20151217	nan	nan	nan
20151218	nan	nan	nan
20151219	nan	nan	nan
20151220	nan	nan	nan
20151221	nan	nan	nan
20151222	nan	nan	nan
20151223	nan	nan	nan
20151224	nan	nan	nan
20151225	nan	nan	nan
20151226	nan	nan	nan
20151227	nan	nan	nan
20151228	nan	nan	nan
20151229	nan	nan	nan
20151230	nan	nan	nan
20151231	nan	nan	nan
20160101	nan	nan	nan
20160102	nan	nan	nan
20160103	nan	nan	nan
20160104	nan	nan	nan
20160105	nan	nan	nan
20160106	nan	nan	nan
20160107	nan	nan	nan
20160108	nan	nan	nan
20160109	nan	nan	nan
20160110	nan	nan	nan
20160111	nan	nan	nan
20160112	nan	nan	nan
20160113	nan	nan	nan
20160114	nan	nan	nan
20160115	nan	nan	nan
20160116	nan	nan	nan
20160117	nan	nan	nan
20160118	nan	nan	nan
20160119	nan	nan	nan
20160120	nan	nan	nan
20160121	nan	nan	nan
20160122	nan	nan	nan
20160123	nan	nan	nan
20160124	nan	nan	nan
20160125	nan	nan	nan
20160126	nan	nan	nan
20160127	nan	nan	nan
20160128	nan	nan	nan
20160129	nan	nan	nan
20160130	nan	nan	nan
20160131	nan	nan	nan
20160201	nan	nan	nan
20160202	nan	nan	nan
20160203	nan	nan	nan
20160204	nan	nan	nan
20160205	nan	nan	nan
20160206	nan	nan	nan
20160207	nan	nan	nan
20160208	nan	nan	nan
20160209	nan	nan	nan
20160210	nan	nan	nan
20160211	nan	nan	nan
20160212	nan	nan	nan
20160213	nan	nan	nan
20160214	nan	nan	nan
20160215	nan	nan	nan
20160216	nan	nan	nan
20160217	nan	nan	nan
20160218	nan	nan	nan
20160219	nan	nan	nan
20160220	nan	nan	nan
20160221	nan	nan	nan
20160222	nan	nan	nan
20160223	nan	nan	nan
20160224	nan	nan	nan
20160225	nan	nan	nan
20160226	nan	nan	nan
20160227	nan	nan	nan
20160228	nan	nan	nan
20160229	nan	nan	nan
20160301	0.03411	99.92	0.04609
20160302	0.03411	99.92	0.04609
20160303	0.03411	99.92	0.04609
20160304	0.03411	99.92	0.04609
20160305	0.03411	99.9	0.06914
20160306	0.03411	99.9	0.06914
20160307	0.03414	99.9	0.0692
20160308	0.03532	99.89	0.0716
20160309	0.0	99.01	0.9883
20160310	0.0	99.01	0.9883
20160311	0.0	99.2	0.8011
20160312	0.0	99.2	0.8011
20160313	0.0	99.2	0.8011
20160314	0.0	99.2	0.8011
20160315	7.778	91.44	0.7779
20160316	7.973	91.38	0.6444
20160317	7.973	91.38	0.6444
20160318	7.969	91.28	0.754
20160319	7.969	91.28	0.7558
20160320	7.971	91.27	0.7561
20160321	1.029	98.86	0.1161
20160322	nan	nan	nan
20160323	nan	nan	nan
20160324	nan	nan	nan
20160325	nan	nan	nan
20160326	nan	nan	nan
20160327	nan	nan	nan
20160328	nan	nan	nan
20160329	nan	nan	nan
20160330	nan	nan	nan
20160331	nan	nan	nan
20160401	nan	nan	nan
20160402	0.08371	99.46	0.4528
20160403	0.08371	99.46	0.4528
20160404	0.06643	99.73	0.205
20160405	0.06643	99.52	0.4166
20160406	0.111	99.47	0.4165
20160407	0.111	99.47	0.4165
20160408	0.3871	99.23	0.3786
20160409	0.3871	99.23	0.3786
20160410	0.3871	99.23	0.3786
20160411	0.3871	99.21	0.4023
20160412	0.3871	99.21	0.4023
20160413	0.3935	99.2	0.4099
20160414	0.395	99.19	0.4114
20160415	nan	nan	nan
20160416	nan	nan	nan
20160417	nan	nan	nan
20160418	0.3718	99.63	0.0
20160419	0.3718	99.63	0.0
20160420	1.328	98.67	0.0
20160421	0.0	100.0	0.0
20160422	0.0	100.0	0.0
20160423	0.0	100.0	0.0
20160424	0.0	100.0	0.0
20160425	0.0	99.88	0.1188
20160426	0.006445	99.87	0.1188
20160427	0.006445	99.87	0.1188
20160428	44.29	55.55	0.1639
20160429	43.85	55.34	0.811
20160430	73.23	26.33	0.4372
20160501	73.23	26.13	0.6342
20160502	57.85	41.1	1.055
20160503	55.11	43.76	1.125
20160504	55.11	43.76	1.125
20160505	55.11	43.76	1.125
20160506	55.07	43.76	1.171
20160507	55.07	43.76	1.171
20160508	57.11	40.9	1.992
20160509	57.15	40.49	2.367
20160510	59.89	37.74	2.375
20160511	60.17	37.45	2.386
20160512	59.18	38.57	2.258
20160513	nan	nan	nan
20160514	nan	nan	nan
20160515	nan	nan	nan
20160516	nan	nan	nan
20160517	nan	nan	nan
20160518	nan	nan	nan
20160519	nan	nan	nan
20160520	nan	nan	nan
20160521	nan	nan	nan
20160522	nan	nan	nan
20160523	nan	nan	nan
20160524	nan	nan	nan
20160525	nan	nan	nan
20160526	nan	nan	nan
20160527	27.92	31.96	40.13
20160528	27.91	31.94	40.15
20160529	25.91	27.63	46.46
20160530	23.54	22.6	53.86
20160531	21.12	17.88	61.0
20160601	20.86	16.51	62.63
20160602	18.47	14.55	66.99
20160603	24.38	13.77	61.85
20160604	24.4	13.44	62.15
20160605	27.14	13.05	59.81
20160606	26.57	11.39	62.04
20160607	nan	nan	nan
20160608	nan	nan	nan
20160609	nan	nan	nan
20160610	nan	nan	nan
20160611	nan	nan	nan
20160612	nan	nan	nan
20160613	nan	nan	nan
20160614	nan	nan	nan
20160615	nan	nan	nan
20160616	nan	nan	nan
20160617	nan	nan	nan
20160618	nan	nan	nan
20160619	nan	nan	nan
20160620	nan	nan	nan
20160621	nan	nan	nan
20160622	nan	nan	nan
20160623	nan	nan	nan
20160624	nan	nan	nan
20160625	nan	nan	nan
20160626	nan	nan	nan
20160627	nan	nan	nan
20160628	nan	nan	nan
20160629	nan	nan	nan
20160630	nan	nan	nan
20160701	nan	nan	nan
20160702	nan	nan	nan
20160703	6.462	0.1473	93.39
20160704	5.574	0.1447	94.28
20160705	5.55	0.1448	94.31
20160706	7.632	0.3416	92.03
20160707	8.005	0.463	91.53
20160708	5.206	0.2041	94.59
20160709	6.954	0.1922	92.85
20160710	nan	nan	nan
20160711	nan	nan	nan
20160712	nan	nan	nan
20160713	nan	nan	nan
20160714	nan	nan	nan
20160715	nan	nan	nan
20160716	nan	nan	nan
20160717	nan	nan	nan
20160718	nan	nan	nan
20160719	nan	nan	nan
20160720	nan	nan	nan
20160721	1.61	0.228	98.16
20160722	0.2616	0.1041	99.63
20160723	0.7092	0.2376	99.05
20160724	0.7068	0.1852	99.11
20160725	0.9934	0.1723	98.83
20160726	1.435	0.1861	98.38
20160727	1.394	0.1861	98.42
20160728	1.394	0.1861	98.42
20160729	1.038	0.1861	98.78
20160730	1.294	0.2064	98.5
20160731	2.193	0.2507	97.56
20160801	2.174	0.2511	97.58
20160802	3.55	0.1705	96.28
20160803	nan	nan	nan
20160804	2.447	0.8611	96.69
20160805	0.8414	0.7149	98.44
20160806	2.185	0.799	97.02
20160807	3.321	0.7797	95.9
20160808	3.321	0.7797	95.9
20160809	nan	nan	nan
20160810	nan	nan	nan
20160811	nan	nan	nan
20160812	nan	nan	nan
20160813	4.208	0.2351	95.56
20160814	5.021	0.2266	94.75
20160815	nan	nan	nan
20160816	0.6187	0.2065	99.17
20160817	0.1602	0.09577	99.74
20160818	0.2937	0.2366	99.47
20160819	0.5847	0.209	99.21
20160820	0.4309	0.1897	99.38
20160821	0.4079	0.1897	99.4
20160822	0.1519	0.1243	99.72
20160823	2.056	0.2025	97.74
20160824	1.347	0.2449	98.41
20160825	1.31	0.2449	98.44
20160826	3.714	0.1565	96.13
20160827	3.715	0.1566	96.13
20160828	6.749	0.1004	93.15
20160829	6.39	0.1004	93.51
20160830	6.304	0.1944	93.5
20160831	6.621	0.1815	93.2
20160901	6.621	0.1815	93.2
20160902	6.627	0.1816	93.19
20160903	5.763	0.1662	94.07
20160904	nan	nan	nan
20160905	nan	nan	nan
20160906	nan	nan	nan
20160907	nan	nan	nan
20160908	nan	nan	nan
20160909	nan	nan	nan
20160910	nan	nan	nan
20160911	nan	nan	nan
20160912	nan	nan	nan
20160913	nan	nan	nan
20160914	nan	nan	nan
20160915	2.799	0.8048	96.4
20160916	2.036	0.2182	97.75
20160917	1.477	0.2467	98.28
20160918	1.352	0.2338	98.41
20160919	2.928	4.471	92.6
20160920	2.634	4.104	93.26
20160921	2.09	0.2531	97.66
20160922	0.2623	0.1961	99.54
20160923	1.887	0.3479	97.77
20160924	3.1	0.2992	96.6
20160925	3.1	0.2992	96.6
20160926	3.1	0.2992	96.6
20160927	5.559	0.2297	94.21
20160928	5.671	0.2202	94.11
20160929	6.937	0.2774	92.79
20160930	12.32	0.05032	87.63
20161001	13.24	0.09709	86.66
20161002	10.67	2.018	87.31
20161003	nan	nan	nan
20161004	7.301	37.22	55.48
20161005	13.61	29.14	57.25
20161006	14.05	28.84	57.11
20161007	14.33	27.0	58.67
20161008	11.58	20.05	68.38
20161009	7.917	3.877	88.21
20161010	3.917	3.511	92.57
20161011	7.093	2.781	90.13
20161012	9.9	2.643	87.46
20161013	10.98	2.473	86.55
20161014	11.02	2.447	86.54
20161015	4.372	1.168	94.46
20161016	13.1	1.223	85.68
20161017	8.345	2.521	89.13
20161018	3.188	7.489	89.32
20161019	7.151	14.66	78.18
20161020	4.152	8.007	87.84
20161021	7.742	9.736	82.52
20161022	5.397	8.488	86.11
20161023	14.19	12.74	73.07
20161024	22.7	13.04	64.25
20161025	18.98	20.09	60.94
20161026	12.23	20.79	66.98
20161027	12.5	21.87	65.64
20161028	25.7	30.76	43.54
20161029	23.1	40.53	36.37
20161030	16.85	51.33	31.82
20161031	24.56	59.47	15.96
20161101	23.85	57.96	18.19
20161102	23.91	57.93	18.16
20161103	24.04	59.1	16.86
20161104	18.8	69.0	12.2
20161105	18.49	67.61	13.9
20161106	nan	nan	nan
20161107	nan	nan	nan
20161108	nan	nan	nan
20161109	nan	nan	nan
20161110	nan	nan	nan
20161111	nan	nan	nan
20161112	nan	nan	nan
20161113	nan	nan	nan
20161114	nan	nan	nan
20161115	nan	nan	nan
20161116	nan	nan	nan
20161117	nan	nan	nan
20161118	nan	nan	nan
20161119	nan	nan	nan
20161120	nan	nan	nan
20161121	nan	nan	nan
20161122	nan	nan	nan
20161123	nan	nan	nan
20161124	nan	nan	nan
20161125	nan	nan	nan
20161126	nan	nan	nan
20161127	nan	nan	nan
20161128	nan	nan	nan
20161129	nan	nan	nan
20161130	nan	nan	nan
20161201	nan	nan	nan
20161202	nan	nan	nan
20161203	nan	nan	nan
20161204	nan	nan	nan
20161205	nan	nan	nan
20161206	nan	nan	nan
20161207	nan	nan	nan
20161208	nan	nan	nan
20161209	nan	nan	nan
20161210	nan	nan	nan
20161211	nan	nan	nan
20161212	nan	nan	nan
20161213	nan	nan	nan
20161214	nan	nan	nan
20161215	nan	nan	nan
20161216	nan	nan	nan
20161217	nan	nan	nan
20161218	nan	nan	nan
20161219	nan	nan	nan
20161220	nan	nan	nan
20161221	nan	nan	nan
20161222	nan	nan	nan
20161223	nan	nan	nan
20161224	nan	nan	nan
20161225	nan	nan	nan
20161226	nan	nan	nan
20161227	nan	nan	nan
20161228	nan	nan	nan
20161229	nan	nan	nan
20161230	nan	nan	nan
20161231	nan	nan	nan
20170101	nan	nan	nan
20170102	nan	nan	nan
20170103	nan	nan	nan
20170104	nan	nan	nan
20170105	nan	nan	nan
20170106	nan	nan	nan
20170107	nan	nan	nan
20170108	nan	nan	nan
20170109	nan	nan	nan
20170110	nan	nan	nan
20170111	nan	nan	nan
20170112	nan	nan	nan
20170113	nan	nan	nan
20170114	nan	nan	nan
20170115	nan	nan	nan
20170116	nan	nan	nan
20170117	nan	nan	nan
20170118	nan	nan	nan
20170119	nan	nan	nan
20170120	nan	nan	nan
20170121	nan	nan	nan
20170122	nan	nan	nan
20170123	nan	nan	nan
20170124	nan	nan	nan
20170125	nan	nan	nan
20170126	nan	nan	nan
20170127	nan	nan	nan
20170128	nan	nan	nan
20170129	nan	nan	nan
20170130	nan	nan	nan
20170131	nan	nan	nan
20170201	nan	nan	nan
20170202	nan	nan	nan
20170203	nan	nan	nan
20170204	nan	nan	nan
20170205	nan	nan	nan
20170206	nan	nan	nan
20170207	nan	nan	nan
20170208	nan	nan	nan
20170209	nan	nan	nan
20170210	nan	nan	nan
20170211	0.4475	99.23	0.325
20170212	2.366	97.33	0.3013
20170213	32.82	66.62	0.5616
20170214	27.54	71.79	0.6685
20170215	27.63	71.74	0.6235
20170216	27.87	71.5	0.6285
20170217	27.96	71.41	0.6306
20170218	nan	nan	nan
20170219	nan	nan	nan
20170220	nan	nan	nan
20170221	nan	nan	nan
20170222	nan	nan	nan
20170223	nan	nan	nan
20170224	nan	nan	nan
20170225	nan	nan	nan
20170226	nan	nan	nan
20170227	0.01453	99.76	0.2296
20170228	nan	nan	nan
20170301	nan	nan	nan
20170302	nan	nan	nan
20170303	nan	nan	nan
20170304	nan	nan	nan
20170305	nan	nan	nan
20170306	0.006549	99.74	0.2517
20170307	0.006555	99.74	0.2519
20170308	0.01222	99.78	0.2059
20170309	0.009445	99.81	0.1832
20170310	0.009454	99.85	0.1361
20170311	0.005652	99.93	0.065
20170312	0.01321	99.71	0.2775
20170313	0.01355	99.7	0.2845
20170314	nan	nan	nan
20170315	nan	nan	nan
20170316	nan	nan	nan
20170317	nan	nan	nan
20170318	nan	nan	nan
20170319	nan	nan	nan
20170320	nan	nan	nan
20170321	nan	nan	nan
20170322	nan	nan	nan
20170323	nan	nan	nan
20170324	nan	nan	nan
20170325	nan	nan	nan
20170326	nan	nan	nan
20170327	nan	nan	nan
20170328	nan	nan	nan
20170329	nan	nan	nan
20170330	nan	nan	nan
20170331	nan	nan	nan
20170401	nan	nan	nan
20170402	nan	nan	nan
20170403	nan	nan	nan
20170404	nan	nan	nan
20170405	nan	nan	nan
20170406	nan	nan	nan
20170407	nan	nan	nan
20170408	0.6531	99.3	0.04699
20170409	0.6656	99.29	0.04714
20170410	0.5647	99.39	0.04698
20170411	0.4553	99.5	0.04704
20170412	0.1856	99.81	0.0
20170413	0.03981	99.96	0.0
20170414	0.02844	99.97	0.0
20170415	nan	nan	nan
20170416	nan	nan	nan
20170417	nan	nan	nan
20170418	nan	nan	nan
20170419	nan	nan	nan
20170420	nan	nan	nan
20170421	nan	nan	nan
20170422	nan	nan	nan
20170423	nan	nan	nan
20170424	nan	nan	nan
20170425	nan	nan	nan
20170426	1.935	98.07	0.0
20170427	1.568	98.43	0.0
20170428	0.005523	99.99	0.0
20170429	0.08192	99.92	0.0
20170430	0.08192	99.92	0.0
20170501	0.1252	99.87	0.0
20170502	0.1362	99.86	0.0
20170503	2.358	97.64	0.0
20170504	2.358	97.64	0.0
20170505	60.14	39.83	0.03682
20170506	nan	nan	nan
20170507	nan	nan	nan
20170508	nan	nan	nan
20170509	nan	nan	nan
20170510	nan	nan	nan
20170511	nan	nan	nan
20170512	nan	nan	nan
20170513	nan	nan	nan
20170514	10.83	89.17	0.0
20170515	18.28	81.72	0.0
20170516	8.79	91.21	0.0
20170517	14.62	85.38	0.0
20170518	21.87	78.13	0.0
20170519	79.44	20.55	0.01565
20170520	86.17	13.81	0.01105
20170521	89.67	10.32	0.009205
20170522	89.4	10.59	0.00921
20170523	87.01	12.98	0.009211
20170524	83.27	16.72	0.009211
20170525	84.94	15.05	0.009302
20170526	84.71	15.29	0.0
20170527	75.42	24.3	0.2809
20170528	80.69	19.04	0.2739
20170529	80.39	19.33	0.2853
20170530	79.87	19.88	0.2505
20170531	77.97	21.87	0.1568
20170601	nan	nan	nan
20170602	nan	nan	nan
20170603	24.98	74.68	0.3354
20170604	41.47	58.2	0.3329
20170605	36.99	62.66	0.3534
20170606	68.26	31.4	0.3331
20170607	47.71	51.58	0.7105
20170608	50.35	45.74	3.912
20170609	50.09	42.38	7.521
20170610	nan	nan	nan
20170611	nan	nan	nan
20170612	nan	nan	nan
20170613	nan	nan	nan
20170614	nan	nan	nan
20170615	nan	nan	nan
20170616	nan	nan	nan
20170617	nan	nan	nan
20170618	nan	nan	nan
20170619	nan	nan	nan
20170620	nan	nan	nan
20170621	nan	nan	nan
20170622	nan	nan	nan
20170623	nan	nan	nan
20170624	nan	nan	nan
20170625	nan	nan	nan
20170626	nan	nan	nan
20170627	nan	nan	nan
20170628	nan	nan	nan
20170629	nan	nan	nan
20170630	nan	nan	nan
20170701	nan	nan	nan
20170702	nan	nan	nan
20170703	nan	nan	nan
20170704	nan	nan	nan
20170705	nan	nan	nan
20170706	nan	nan	nan
20170707	nan	nan	nan
20170708	nan	nan	nan
20170709	nan	nan	nan
20170710	nan	nan	nan
20170711	nan	nan	nan
20170712	nan	nan	nan
20170713	nan	nan	nan
20170714	nan	nan	nan
20170715	nan	nan	nan
20170716	nan	nan	nan
20170717	nan	nan	nan
20170718	nan	nan	nan
20170719	nan	nan	nan
20170720	nan	nan	nan
20170721	nan	nan	nan
20170722	nan	nan	nan
20170723	6.484	0.01421	93.5
20170724	6.95	0.0435	93.01
20170725	3.254	0.2528	96.49
20170726	4.349	0.1648	95.49
20170727	4.99	0.2277	94.78
20170728	3.976	0.2892	95.73
20170729	2.4	0.1612	97.44
20170730	5.551	0.1279	94.32
20170731	8.184	0.07406	91.74
20170801	8.999	0.07613	90.92
20170802	9.017	0.1481	90.83
20170803	nan	nan	nan
20170804	nan	nan	nan
20170805	nan	nan	nan
20170806	nan	nan	nan
20170807	nan	nan	nan
20170808	nan	nan	nan
20170809	nan	nan	nan
20170810	nan	nan	nan
20170811	nan	nan	nan
20170812	nan	nan	nan
20170813	5.381	0.3409	94.28
20170814	6.252	0.606	93.14
20170815	nan	nan	nan
20170816	6.19	0.4199	93.39
20170817	7.604	0.3456	92.05
20170818	nan	nan	nan
20170819	nan	nan	nan
20170820	nan	nan	nan
20170821	nan	nan	nan
20170822	nan	nan	nan
20170823	nan	nan	nan
20170824	nan	nan	nan
20170825	nan	nan	nan
20170826	nan	nan	nan
20170827	nan	nan	nan
20170828	nan	nan	nan
20170829	nan	nan	nan
20170830	nan	nan	nan
20170831	nan	nan	nan
20170901	nan	nan	nan
20170902	nan	nan	nan
20170903	nan	nan	nan
20170904	2.577	0.2277	97.2
20170905	3.253	0.1268	96.62
20170906	3.673	0.1632	96.16
20170907	1.893	0.266	97.84
20170908	4.109	0.174	95.72
20170909	4.103	0.1743	95.72
20170910	8.317	0.6061	91.08
20170911	8.08	1.21	90.71
20170912	8.969	8.858	82.17
20170913	9.104	8.946	81.95
20170914	nan	nan	nan
20170915	nan	nan	nan
20170916	nan	nan	nan
20170917	nan	nan	nan
20170918	nan	nan	nan
20170919	nan	nan	nan
20170920	nan	nan	nan
20170921	nan	nan	nan
20170922	nan	nan	nan
20170923	nan	nan	nan
20170924	5.748	0.1554	94.1
20170925	6.615	0.1586	93.23
20170926	3.777	0.1966	96.03
20170927	2.147	0.05821	97.79
20170928	1.315	0.2203	98.46
20170929	1.447	0.1417	98.41
20170930	1.198	0.1676	98.63
20171001	0.8467	0.235	98.92
20171002	1.748	0.1726	98.08
20171003	2.004	1.014	96.98
20171004	9.413	0.7926	89.79
20171005	9.515	0.6923	89.79
20171006	11.71	0.4464	87.84
20171007	12.03	1.627	86.34
20171008	nan	nan	nan
20171009	nan	nan	nan
20171010	nan	nan	nan
20171011	nan	nan	nan
20171012	nan	nan	nan
20171013	3.112	50.61	46.27
20171014	nan	nan	nan
20171015	nan	nan	nan
20171016	nan	nan	nan
20171017	nan	nan	nan
20171018	nan	nan	nan
20171019	17.44	74.11	8.447
20171020	6.648	92.76	0.5875
20171021	6.247	92.98	0.7709
20171022	4.024	95.44	0.5347
20171023	7.55	92.16	0.2948
20171024	4.658	94.77	0.5685
20171025	2.398	97.13	0.4752
20171026	5.653	93.47	0.8803
20171027	5.681	93.44	0.884
20171028	7.052	91.51	1.441
20171029	3.755	95.02	1.223
20171030	4.28	93.46	2.26
20171031	5.529	92.39	2.079
20171101	4.717	93.35	1.932
20171102	3.977	94.0	2.028
20171103	4.587	93.02	2.396
20171104	6.361	90.45	3.19
20171105	4.111	94.0	1.892
20171106	3.829	94.51	1.665
20171107	nan	nan	nan
20171108	nan	nan	nan
20171109	nan	nan	nan
20171110	nan	nan	nan
20171111	nan	nan	nan
20171112	nan	nan	nan
20171113	nan	nan	nan
20171114	nan	nan	nan
20171115	nan	nan	nan
20171116	nan	nan	nan
20171117	nan	nan	nan
20171118	nan	nan	nan
20171119	nan	nan	nan
20171120	nan	nan	nan
20171121	nan	nan	nan
20171122	nan	nan	nan
20171123	nan	nan	nan
20171124	nan	nan	nan
20171125	nan	nan	nan
20171126	nan	nan	nan
20171127	nan	nan	nan
20171128	nan	nan	nan
20171129	nan	nan	nan
20171130	nan	nan	nan
20171201	nan	nan	nan
20171202	nan	nan	nan
20171203	nan	nan	nan
20171204	nan	nan	nan
20171205	nan	nan	nan
20171206	nan	nan	nan
20171207	nan	nan	nan
20171208	nan	nan	nan
20171209	nan	nan	nan
20171210	nan	nan	nan
20171211	nan	nan	nan
20171212	nan	nan	nan
20171213	nan	nan	nan
20171214	nan	nan	nan
20171215	nan	nan	nan
20171216	nan	nan	nan
20171217	nan	nan	nan
20171218	nan	nan	nan
20171219	nan	nan	nan
20171220	nan	nan	nan
20171221	nan	nan	nan
20171222	nan	nan	nan
20171223	nan	nan	nan
20171224	nan	nan	nan
20171225	nan	nan	nan
20171226	nan	nan	nan
20171227	nan	nan	nan
20171228	nan	nan	nan
20171229	nan	nan	nan
20171230	nan	nan	nan
20171231	nan	nan	nan
20180101	nan	nan	nan
20180102	nan	nan	nan
20180103	nan	nan	nan
20180104	nan	nan	nan
20180105	nan	nan	nan
20180106	nan	nan	nan
20180107	nan	nan	nan
20180108	nan	nan	nan
20180109	nan	nan	nan
20180110	nan	nan	nan
20180111	nan	nan	nan
20180112	nan	nan	nan
20180113	nan	nan	nan
20180114	nan	nan	nan
20180115	nan	nan	nan
20180116	nan	nan	nan
20180117	nan	nan	nan
20180118	nan	nan	nan
20180119	nan	nan	nan
20180120	nan	nan	nan
20180121	nan	nan	nan
20180122	nan	nan	nan
20180123	nan	nan	nan
20180124	nan	nan	nan
20180125	nan	nan	nan
20180126	nan	nan	nan
20180127	nan	nan	nan
20180128	nan	nan	nan
20180129	nan	nan	nan
20180130	nan	nan	nan
20180131	nan	nan	nan
20180201	nan	nan	nan
20180202	nan	nan	nan
20180203	nan	nan	nan
20180204	nan	nan	nan
20180205	nan	nan	nan
20180206	nan	nan	nan
20180207	nan	nan	nan
20180208	nan	nan	nan
20180209	nan	nan	nan
20180210	nan	nan	nan
20180211	0.5627	95.95	3.483
20180212	0.1981	94.81	4.996
20180213	1.259	95.89	2.846
20180214	0.9367	93.15	5.913
20180215	2.644	91.82	5.533
20180216	2.31	95.51	2.184
20180217	0.04161	99.4	0.5594
20180218	0.1327	99.57	0.3006
20180219	0.1805	99.14	0.6758
20180220	4.897	94.88	0.2245
20180221	0.5346	99.33	0.1387
20180222	0.05355	99.89	0.05817
20180223	1.254	98.25	0.4944
20180224	0.8398	98.92	0.2405
20180225	4.637	95.28	0.08139
20180226	3.671	95.87	0.4555
20180227	4.328	95.54	0.1346
20180228	4.992	94.87	0.1352
20180301	nan	nan	nan
20180302	nan	nan	nan
20180303	nan	nan	nan
20180304	nan	nan	nan
20180305	nan	nan	nan
20180306	nan	nan	nan
20180307	nan	nan	nan
20180308	nan	nan	nan
20180309	nan	nan	nan
20180310	nan	nan	nan
20180311	nan	nan	nan
20180312	2.618	97.38	0.0
20180313	1.85	98.04	0.1056
20180314	1.291	98.67	0.03426
20180315	0.1288	99.87	0.0
20180316	8.981	91.02	0.0
20180317	9.494	90.51	0.0
20180318	7.782	92.12	0.09323
20180319	7.533	92.38	0.09145
20180320	5.581	94.35	0.07022
20180321	7.074	92.89	0.03696
20180322	7.105	92.86	0.03715
20180323	nan	nan	nan
20180324	2.63	97.37	0.0
20180325	2.626	97.37	0.0
20180326	2.216	97.78	0.0
20180327	1.795	98.2	0.0
20180328	7.293	92.71	0.0
20180329	6.915	92.99	0.09485
20180330	nan	nan	nan
20180331	nan	nan	nan
20180401	nan	nan	nan
20180402	nan	nan	nan
20180403	nan	nan	nan
20180404	nan	nan	nan
20180405	2.701	97.3	0.0
20180406	nan	nan	nan
20180407	nan	nan	nan
20180408	0.1321	99.87	0.0
20180409	3.246	96.74	0.01781
20180410	nan	nan	nan
20180411	nan	nan	nan
20180412	nan	nan	nan
20180413	0.113	99.89	0.0
20180414	5.195	94.8	0.0
20180415	6.541	93.46	0.0
20180416	25.86	74.14	0.0
20180417	4.02	95.98	0.0
20180418	2.506	97.45	0.04602
20180419	3.491	96.46	0.04602
20180420	65.05	34.9	0.04602
20180421	75.58	24.38	0.03958
20180422	74.49	25.47	0.03866
20180423	68.9	31.02	0.07824
20180424	70.45	29.49	0.06075
20180425	nan	nan	nan
20180426	nan	nan	nan
20180427	nan	nan	nan
20180428	nan	nan	nan
20180429	nan	nan	nan
20180430	nan	nan	nan
20180501	nan	nan	nan
20180502	nan	nan	nan
20180503	nan	nan	nan
20180504	nan	nan	nan
20180505	nan	nan	nan
20180506	76.88	22.47	0.6562
20180507	76.88	22.47	0.6563
20180508	59.84	39.46	0.7019
20180509	49.49	49.05	1.462
20180510	54.25	41.71	4.041
20180511	49.84	44.56	5.599
20180512	49.93	44.42	5.646
20180513	48.47	45.21	6.313
20180514	33.51	51.32	15.17
20180515	35.93	48.26	15.8
20180516	33.96	42.88	23.16
20180517	26.77	40.62	32.6
20180518	nan	nan	nan
20180519	nan	nan	nan
20180520	nan	nan	nan
20180521	nan	nan	nan
20180522	nan	nan	nan
20180523	nan	nan	nan
20180524	nan	nan	nan
20180525	nan	nan	nan
20180526	nan	nan	nan
20180527	nan	nan	nan
20180528	nan	nan	nan
20180529	nan	nan	nan
20180530	nan	nan	nan
20180531	nan	nan	nan
20180601	nan	nan	nan
20180602	nan	nan	nan
20180603	nan	nan	nan
20180604	nan	nan	nan
20180605	nan	nan	nan
20180606	nan	nan	nan
20180607	nan	nan	nan
20180608	nan	nan	nan
20180609	nan	nan	nan
20180610	nan	nan	nan
20180611	nan	nan	nan
20180612	nan	nan	nan
20180613	nan	nan	nan
20180614	nan	nan	nan
20180615	nan	nan	nan
20180616	nan	nan	nan
20180617	15.21	0.8848	83.9
20180618	15.12	0.85	84.03
20180619	15.63	0.8481	83.52
20180620	16.94	3.833	79.23
20180621	17.53	3.81	78.66
20180622	17.39	3.818	78.8
20180623	nan	nan	nan
20180624	nan	nan	nan
20180625	nan	nan	nan
20180626	nan	nan	nan
20180627	nan	nan	nan
20180628	nan	nan	nan
20180629	nan	nan	nan
20180630	nan	nan	nan
20180701	6.46	0.9303	92.61
20180702	4.596	0.6462	94.76
20180703	5.407	0.5103	94.08
20180704	6.872	0.454	92.67
20180705	8.473	0.3448	91.18
20180706	8.443	0.3449	91.21
20180707	8.417	0.3454	91.24
20180708	5.441	0.08964	94.47
20180709	nan	nan	nan
20180710	3.233	0.4159	96.35
20180711	1.469	0.5111	98.02
20180712	1.376	0.4458	98.18
20180713	0.75	0.3538	98.9
20180714	0.9849	0.2257	98.79
20180715	1.204	0.2967	98.5
20180716	1.038	0.2589	98.7
20180717	0.8467	0.2257	98.93
20180718	0.421	0.09672	99.48
20180719	1.166	0.174	98.66
20180720	0.4449	0.05723	99.5
20180721	1.178	0.0969	98.73
20180722	1.798	0.1337	98.07
20180723	1.963	0.1429	97.89
20180724	2.015	0.1432	97.84
20180725	2.659	0.1789	97.16
20180726	1.537	0.1272	98.34
20180727	1.123	0.2594	98.62
20180728	0.3597	0.3162	99.32
20180729	0.6274	0.1636	99.21
20180730	0.6304	0.3716	99.0
20180731	0.3679	0.2598	99.37
20180801	0.2355	0.09329	99.67
20180802	1.931	0.04619	98.02
20180803	2.807	0.222	96.97
20180804	2.889	0.2231	96.89
20180805	2.367	0.1953	97.44
20180806	2.352	0.2411	97.41
20180807	2.615	0.2075	97.18
20180808	nan	nan	nan
20180809	nan	nan	nan
20180810	nan	nan	nan
20180811	nan	nan	nan
20180812	nan	nan	nan
20180813	nan	nan	nan
20180814	nan	nan	nan
20180815	nan	nan	nan
20180816	nan	nan	nan
20180817	nan	nan	nan
20180818	nan	nan	nan
20180819	nan	nan	nan
20180820	nan	nan	nan
20180821	nan	nan	nan
20180822	5.918	0.3111	93.77
20180823	4.649	0.2126	95.14
20180824	5.535	0.2392	94.23
20180825	5.693	0.2443	94.06
20180826	4.647	0.2309	95.12
20180827	4.296	0.2414	95.46
20180828	1.622	0.2709	98.11
20180829	1.938	0.2186	97.84
20180830	3.749	0.2391	96.01
20180831	3.575	0.04374	96.38
20180901	2.839	0.241	96.92
20180902	3.619	0.3088	96.07
20180903	4.467	0.2625	95.27
20180904	2.536	0.2574	97.21
20180905	1.481	0.2196	98.3
20180906	0.6606	0.03978	99.3
20180907	1.712	0.1443	98.14
20180908	2.424	0.1532	97.42
20180909	0.8943	0.2231	98.88
20180910	0.9413	0.1116	98.95
20180911	1.4	0.2655	98.33
20180912	2.474	0.1355	97.39
20180913	3.149	0.2491	96.6
20180914	3.252	1.158	95.59
20180915	6.311	1.083	92.61
20180916	nan	nan	nan
20180917	nan	nan	nan
20180918	nan	nan	nan
20180919	nan	nan	nan
20180920	nan	nan	nan
20180921	nan	nan	nan
20180922	6.208	10.85	82.94
20180923	nan	nan	nan
20180924	nan	nan	nan
20180925	nan	nan	nan
20180926	nan	nan	nan
20180927	nan	nan	nan
20180928	nan	nan	nan
20180929	nan	nan	nan
20180930	nan	nan	nan
20181001	nan	nan	nan
20181002	nan	nan	nan
20181003	nan	nan	nan
20181004	nan	nan	nan
20181005	nan	nan	nan
20181006	nan	nan	nan
20181007	nan	nan	nan
20181008	nan	nan	nan
20181009	nan	nan	nan
20181010	nan	nan	nan
20181011	nan	nan	nan
20181012	nan	nan	nan
20181013	nan	nan	nan
20181014	nan	nan	nan
20181015	nan	nan	nan
20181016	nan	nan	nan
20181017	nan	nan	nan
20181018	nan	nan	nan
20181019	21.33	32.88	45.8
20181020	20.35	35.37	44.28
20181021	21.92	43.84	34.24
20181022	18.48	50.9	30.62
20181023	23.51	52.06	24.42
20181024	3.131	73.21	23.66
20181025	24.38	62.28	13.34
20181026	28.23	60.34	11.43
20181027	13.51	78.07	8.42
20181028	11.19	78.07	10.74
20181029	11.75	79.0	9.247
20181030	42.7	54.9	2.404
20181031	47.85	50.2	1.958
20181101	15.52	81.36	3.123
20181102	22.44	74.63	2.928
20181103	17.37	79.76	2.867
20181104	45.02	52.93	2.043
20181105	44.09	53.67	2.241
20181106	nan	nan	nan
20181107	nan	nan	nan
20181108	nan	nan	nan
20181109	nan	nan	nan
20181110	nan	nan	nan
20181111	nan	nan	nan
20181112	nan	nan	nan
20181113	nan	nan	nan
20181114	nan	nan	nan
20181115	nan	nan	nan
20181116	nan	nan	nan
20181117	nan	nan	nan
20181118	nan	nan	nan
20181119	nan	nan	nan
20181120	nan	nan	nan
20181121	nan	nan	nan
20181122	nan	nan	nan
20181123	nan	nan	nan
20181124	nan	nan	nan
20181125	nan	nan	nan
20181126	nan	nan	nan
20181127	nan	nan	nan
20181128	nan	nan	nan
20181129	nan	nan	nan
20181130	nan	nan	nan
20181201	nan	nan	nan
20181202	nan	nan	nan
20181203	nan	nan	nan
20181204	nan	nan	nan
20181205	nan	nan	nan
20181206	nan	nan	nan
20181207	nan	nan	nan
20181208	nan	nan	nan
20181209	nan	nan	nan
20181210	nan	nan	nan
20181211	nan	nan	nan
20181212	nan	nan	nan
20181213	nan	nan	nan
20181214	nan	nan	nan
20181215	nan	nan	nan
20181216	nan	nan	nan
20181217	nan	nan	nan
20181218	nan	nan	nan
20181219	nan	nan	nan
20181220	nan	nan	nan
20181221	nan	nan	nan
20181222	nan	nan	nan
20181223	nan	nan	nan
20181224	nan	nan	nan
20181225	nan	nan	nan
20181226	nan	nan	nan
20181227	nan	nan	nan
20181228	nan	nan	nan
20181229	nan	nan	nan
20181230	nan	nan	nan
20181231	nan	nan	nan
20190101	nan	nan	nan
20190102	nan	nan	nan
20190103	nan	nan	nan
20190104	nan	nan	nan
20190105	nan	nan	nan
20190106	nan	nan	nan
20190107	nan	nan	nan
20190108	nan	nan	nan
20190109	nan	nan	nan
20190110	nan	nan	nan
20190111	nan	nan	nan
20190112	nan	nan	nan
20190113	nan	nan	nan
20190114	nan	nan	nan
20190115	nan	nan	nan
20190116	nan	nan	nan
20190117	nan	nan	nan
20190118	nan	nan	nan
20190119	nan	nan	nan
20190120	nan	nan	nan
20190121	nan	nan	nan
20190122	nan	nan	nan
20190123	nan	nan	nan
20190124	nan	nan	nan
20190125	nan	nan	nan
20190126	nan	nan	nan
20190127	nan	nan	nan
20190128	nan	nan	nan
20190129	nan	nan	nan
20190130	nan	nan	nan
20190131	nan	nan	nan
20190201	nan	nan	nan
20190202	nan	nan	nan
20190203	nan	nan	nan
20190204	nan	nan	nan
20190205	nan	nan	nan
20190206	nan	nan	nan
20190207	9.68	89.27	1.048
20190208	28.24	71.61	0.1435
20190209	5.46	94.34	0.1999
20190210	31.72	68.25	0.02764
20190211	33.93	66.04	0.02395
20190212	22.57	77.1	0.3307
20190213	17.61	81.44	0.9557
20190214	11.2	87.37	1.43
20190215	10.81	88.52	0.6754
20190216	12.36	86.95	0.6966
20190217	3.657	95.31	1.029
20190218	4.51	94.74	0.7461
20190219	4.063	95.2	0.741
20190220	12.29	86.91	0.8006
20190221	5.366	93.83	0.8023
20190222	nan	nan	nan
20190223	nan	nan	nan
20190224	50.62	48.92	0.4658
20190225	54.77	44.15	1.081
20190226	nan	nan	nan
20190227	nan	nan	nan
20190228	nan	nan	nan
20190301	nan	nan	nan
20190302	nan	nan	nan
20190303	nan	nan	nan
20190304	nan	nan	nan
20190305	nan	nan	nan
20190306	nan	nan	nan
20190307	nan	nan	nan
20190308	nan	nan	nan
20190309	nan	nan	nan
20190310	nan	nan	nan
20190311	nan	nan	nan
20190312	nan	nan	nan
20190313	nan	nan	nan
20190314	nan	nan	nan
20190315	nan	nan	nan
20190316	nan	nan	nan
20190317	nan	nan	nan
20190318	nan	nan	nan
20190319	nan	nan	nan
20190320	nan	nan	nan
20190321	nan	nan	nan
20190322	nan	nan	nan
20190323	nan	nan	nan
20190324	nan	nan	nan
20190325	nan	nan	nan
20190326	nan	nan	nan
20190327	nan	nan	nan
20190328	nan	nan	nan
20190329	nan	nan	nan
20190330	nan	nan	nan
20190331	nan	nan	nan
20190401	nan	nan	nan
20190402	nan	nan	nan
20190403	nan	nan	nan
20190404	nan	nan	nan
20190405	0.1137	99.86	0.02389
20190406	0.0	100.0	0.0
20190407	0.0479	99.95	0.0
20190408	0.02211	99.98	0.0
20190409	0.03501	99.96	0.0
20190410	0.1188	99.88	0.0
20190411	0.1815	99.82	0.0
20190412	0.2275	99.77	0.0
20190413	nan	nan	nan
20190414	nan	nan	nan
20190415	nan	nan	nan
20190416	3.141	96.86	0.0
20190417	nan	nan	nan
20190418	nan	nan	nan
20190419	nan	nan	nan
20190420	nan	nan	nan
20190421	82.63	17.37	0.0
20190422	61.01	38.99	0.0
20190423	71.49	28.5	0.01293
20190424	77.28	22.71	0.00831
20190425	53.58	46.23	0.1862
20190426	24.12	0.0	75.88
20190427	57.87	0.04142	42.09
20190428	59.59	38.98	1.435
20190429	57.9	40.43	1.665
20190430	58.83	39.57	1.601
20190501	72.49	26.22	1.289
20190502	72.63	26.08	1.289
20190503	72.51	26.76	0.7353
20190504	68.86	30.46	0.6741
20190505	61.97	37.6	0.4382
20190506	nan	nan	nan
20190507	nan	nan	nan
20190508	nan	nan	nan
20190509	nan	nan	nan
20190510	71.06	28.79	0.1494
20190511	67.42	31.84	0.7366
20190512	nan	nan	nan
20190513	73.19	26.14	0.6638
20190514	72.58	26.44	0.9788
20190515	69.29	29.03	1.679
20190516	nan	nan	nan
20190517	nan	nan	nan
20190518	nan	nan	nan
20190519	nan	nan	nan
20190520	nan	nan	nan
20190521	nan	nan	nan
20190522	nan	nan	nan
20190523	nan	nan	nan
20190524	nan	nan	nan
20190525	nan	nan	nan
20190526	nan	nan	nan
20190527	nan	nan	nan
20190528	nan	nan	nan
